,Methanobrevibacter_ruminantium - crispr_IIIA - cas_IIIA translation,NODE_441_length_11207_cov_53.7 - cas_IIIA translation,NODE_252_length_10937_cov_36.7 - cas_IIIA translation,NODE_224_length_10936_cov_20.4 - cas_IIIA translation,NODE_109_length_11227_cov_38.7 - cas_IIIA translation,NODE_213_length_10190_cov_204.0 - cas_IIIA translation,NODE_113_length_31406_cov_40.0 - cas_IIIA translation,NODE_247_length_27833_cov_540.2 - cas_IIIA translation,NODE_5584_length_9862_cov_50.174553 - cas_IIIA translation,NODE_391_length_11715_cov_65.8 - cas_IIIA translation,NODE_131_length_11337_cov_55.4 - cas_IIIA translation,NODE_86_length_9544_cov_55.9 - cas_IIIA translation,NODE_440_length_10143_cov_93.9 - cas_IIIA translation,NODE_992_length_10196_cov_30.6 - cas_IIIA translation,NODE_583_length_11301_cov_480.6 - cas_IIIA translation,NODE_2558_length_10306_cov_42.2 - cas_IIIA translation,NODE_329_length_7548_cov_63.1 - cas_IIIA translation,NODE_606_length_9909_cov_18.8 - cas_IIIA translation,NODE_623_length_10501_cov_287.1 - cas_IIIA translation,NODE_77_length_9251_cov_21.3 - cas_IIIA translation,NODE_111_length_9770_cov_61.4 - cas_IIIA translation,NODE_1098_length_6515_cov_21.1 - cas_IIIA translation,NODE_312_length_8963_cov_71.5 - cas_IIIA translation,NODE_476_length_8534_cov_80.1 - cas_IIIA translation,NODE_225_length_8853_cov_70.7 - cas_IIIA translation,NODE_139_length_10867_cov_134.2 - cas_IIIA translation,NODE_390_length_8929_cov_55.4 - cas_IIIA translation,NODE_298_length_9895_cov_38.9 - cas_IIIA translation,NODE_300_length_9474_cov_21.1 - cas_IIIA translation,NODE_171_length_9543_cov_31.7 - cas_IIIA translation,NODE_143_length_9720_cov_156.8 - cas_IIIA translation,NODE_450_length_9718_cov_62.9 - cas_IIIA translation,NODE_244_length_9704_cov_53.9 - cas_IIIA translation,NODE_799_length_10197_cov_85.7 - cas_IIIA translation,NODE_124_length_10570_cov_209.1 - cas_IIIA translation,NODE_251_length_9660_cov_38.8 - cas_IIIA translation,NODE_126_length_10010_cov_158.4 - cas_IIIA translation,NODE_308_length_10215_cov_401.5 - cas_IIIA translation,NODE_515_length_9524_cov_28.4 - cas_IIIA translation,NODE_636_length_10125_cov_375.7 - cas_IIIA translation,NODE_580_length_10299_cov_191.8 - cas_IIIA translation,NODE_219_length_8853_cov_26.0 - cas_IIIA translation,NODE_98_length_14580_cov_111.8 - cas_IIIA translation,NODE_253_length_12202_cov_341.5 - cas_IIIA translation,NODE_318_length_12640_cov_31.7 - cas_IIIA translation,NODE_31_length_49890_cov_73.4 - cas_IIIA translation,NODE_941_length_11292_cov_60.4 - cas_IIIA translation,NODE_788_length_6824_cov_14.7 - cas_IIIA translation,NODE_1008_length_10319_cov_114.6 - cas_IIIA translation,NODE_184_length_9383_cov_88.1 - cas_IIIA translation,NODE_9_length_20091_cov_94.2 - cas_IIIA translation,NODE_1686_length_4947_cov_8.4 - cas_IIIA translation,NODE_560_length_3426_cov_73.7 - cas_IIIA translation,NODE_847_length_4371_cov_11.2 - cas_IIIA translation,NODE_244_length_3495_cov_56.2 - cas_IIIA translation,NODE_393_length_3725_cov_26.7 - cas_IIIA translation,NODE_387_length_4051_cov_42.2 - cas_IIIA translation,NODE_1014_length_4102_cov_21.7 - cas_IIIA translation,NODE_143_length_4087_cov_43.5 - cas_IIIA translation,NODE_357_length_6705_cov_41.8 - cas_IIIA translation,NODE_480_length_5186_cov_56.3 - cas_IIIA translation,NODE_277_length_5636_cov_24.7 - cas_IIIA translation,NODE_382_length_4243_cov_88.1 - cas_IIIA translation,NODE_399_length_4603_cov_21.2 - cas_IIIA translation,NODE_728_length_5401_cov_18.2 - cas_IIIA translation,NODE_478_length_6261_cov_30.9 - cas_IIIA translation,NODE_360_length_5511_cov_62.5 - cas_IIIA translation,NODE_2243_length_4074_cov_86.1 - cas_IIIA translation,NODE_1083_length_1701_cov_11.7 - cas_IIIA translation,NODE_19375_length_4322_cov_8.850648 - cas_IIIA translation,NODE_304_length_4326_cov_39.6 - cas_IIIA translation,NODE_226_length_5204_cov_103.8 - cas_IIIA translation,NODE_5303_length_1762_cov_16.9 - cas_IIIA translation,NODE_883_length_1999_cov_11.2 - cas_IIIA translation,NODE_2879_length_3504_cov_14.6 - cas_IIIA translation,NODE_2165_length_3264_cov_176.2 - cas_IIIA translation,NODE_843_length_2448_cov_12.6 - cas_IIIA translation,NODE_5926_length_1852_cov_22.2 - cas_IIIA translation,NODE_3910_length_2888_cov_19.0 - cas_IIIA translation,NODE_1050_length_1644_cov_11.1 - cas_IIIA translation,NODE_65759_length_1674_cov_2.889167 - cas_IIIA translation,NODE_5098_length_1495_cov_8.8 - cas_IIIA translation,NODE_4543_length_1920_cov_11.0 - cas_IIIA translation,NODE_976_length_4299_cov_14.0 - cas_IIIA translation,NODE_2752_length_2355_cov_21.4 - cas_IIIA translation,NODE_864_length_7178_cov_22.4 - cas_IIIA translation,NODE_262_length_5136_cov_35.1 - cas_IIIA translation,NODE_1129_length_8815_cov_155.5 - cas_IIIA translation,NODE_414_length_4202_cov_14.4 - cas_IIIA translation,NODE_625_length_9668_cov_49.0 - cas_IIIA translation,NODE_106_length_11912_cov_265.3 - cas_IIIA translation,NODE_260_length_5978_cov_61.9 - cas_IIIA translation,NODE_2753_length_7411_cov_30.3 - cas_IIIA translation,NODE_185_length_3780_cov_45.7 - cas_IIIA translation,NODE_2830_length_3779_cov_72.3 - cas_IIIA translation,NODE_23_length_7843_cov_174.2 - cas_IIIA translation,NODE_376_length_4138_cov_18.6 - cas_IIIA translation,NODE_120_length_4989_cov_56.2 - cas_IIIA translation,NODE_710_length_5787_cov_14.4 - cas_IIIA translation,NODE_437_length_3540_cov_14.0 - cas_IIIA translation,NODE_660_length_7032_cov_28.9 - cas_IIIA translation,NODE_1589_length_2107_cov_15.6 - cas_IIIA translation,NODE_517_length_9170_cov_18.2 - cas_IIIA translation,NODE_1626_length_4649_cov_32.5 - cas_IIIA translation,NODE_518_length_8223_cov_34.8 - cas_IIIA translation,NODE_316_length_7854_cov_28.4 - cas_IIIA translation,NODE_504_length_8550_cov_73.1 - cas_IIIA translation,NODE_224_length_6186_cov_18.6 - cas_IIIA translation,NODE_284_length_9556_cov_35.4 - cas_IIIA translation,NODE_182_length_9375_cov_112.5 - cas_IIIA translation,NODE_332_length_9177_cov_87.1 - cas_IIIA translation,NODE_4211_length_2243_cov_10.0 - cas_IIIA translation,NODE_1209_length_2662_cov_9.8 - cas_IIIA translation,NODE_216_length_5383_cov_40.0 - cas_IIIA translation,NODE_170_length_9647_cov_41.6 - cas_IIIA translation,NODE_104_length_9487_cov_39.8 - cas_IIIA translation,NODE_308_length_9174_cov_30.8 - cas_IIIA translation,NODE_85_length_9449_cov_26.8 - cas_IIIA translation,NODE_314_length_9037_cov_30.4 - cas_IIIA translation,NODE_211_length_9715_cov_85.1 - cas_IIIA translation,NODE_129_length_9591_cov_44.5 - cas_IIIA translation,NODE_93_length_9540_cov_48.5 - cas_IIIA translation,NODE_83_length_9510_cov_27.9 - cas_IIIA translation,NODE_119_length_9483_cov_38.0 - cas_IIIA translation,NODE_129_length_9554_cov_13.2 - cas_IIIA translation,NODE_127_length_11809_cov_64.4 - cas_IIIA translation,NODE_234_length_9518_cov_70.7 - cas_IIIA translation,NODE_61_length_9235_cov_105.3 - cas_IIIA translation,NODE_431_length_9825_cov_76.1 - cas_IIIA translation,NODE_118_length_8447_cov_21.3 - cas_IIIA translation,NODE_960_length_5088_cov_15.4 - cas_IIIA translation,NODE_180_length_8114_cov_27.3 - cas_IIIA translation,NODE_299_length_5345_cov_30.5 - cas_IIIA translation,NODE_841_length_2698_cov_13.6 - cas_IIIA translation,NODE_2169_length_5219_cov_31.9 - cas_IIIA translation,NODE_283_length_5544_cov_27.5 - cas_IIIA translation,NODE_3757_length_2884_cov_21.7 - cas_IIIA translation,NODE_876_length_5671_cov_9.1 - cas_IIIA translation,NODE_293_length_10022_cov_80.8 - cas_IIIA translation,NODE_2397_length_6075_cov_29.4 - cas_IIIA translation,NODE_2272_length_6471_cov_24.3 - cas_IIIA translation,NODE_1157_length_5129_cov_10.1 - cas_IIIA translation,NODE_2153_length_10527_cov_385.2 - cas_IIIA translation,NODE_659_length_11216_cov_111.5 - cas_IIIA translation,NODE_515_length_9704_cov_233.4 - cas_IIIA translation,NODE_1453_length_11351_cov_795.3 - cas_IIIA translation,NODE_1289_length_5723_cov_87.5 - cas_IIIA translation,NODE_876_length_9438_cov_153.8 - cas_IIIA translation,NODE_121_length_9577_cov_209.9 - cas_IIIA translation,NODE_524_length_6473_cov_50.9 - cas_IIIA translation,NODE_1542_length_4738_cov_11.0 - cas_IIIA translation,NODE_204_length_8255_cov_23.5 - cas_IIIA translation,NODE_94_length_18775_cov_74.2 - cas_IIIA translation,NODE_92_length_18826_cov_192.1 - cas_IIIA translation,NODE_66_length_19771_cov_65.5 - cas_IIIA translation,NODE_210_length_11000_cov_17.5 - cas_IIIA translation,NODE_120_length_10946_cov_40.3 - cas_IIIA translation,NODE_274_length_10676_cov_94.2 - cas_IIIA translation,NODE_189_length_7526_cov_20.8 - cas_IIIA translation,NODE_212_length_8084_cov_38.2 - cas_IIIA translation,NODE_887_length_7738_cov_10.0 - cas_IIIA translation,NODE_1465_length_4920_cov_11.6 - cas_IIIA translation,NODE_114_length_30682_cov_79.9 - cas_IIIA translation,NODE_79_length_30892_cov_300.7 - cas_IIIA translation,NODE_71_length_17554_cov_56.9 - cas_IIIA translation,NODE_30_length_30469_cov_140.8 - cas_IIIA translation,NODE_10_length_46737_cov_36.8 - cas_IIIA translation,NODE_25_length_54800_cov_248.5 - cas_IIIA translation
Methanobrevibacter_ruminantium - crispr_IIIA - cas_IIIA translation,,23.033,23.058,18.899,23.058,23.083,18.836,23.008,23.064,23.016,23.016,18.933,22.966,23.041,19.008,19.107,17.203,19.008,18.933,19.060,19.060,16.745,16.497,16.497,16.497,16.497,16.497,16.160,19.168,19.168,19.168,19.168,19.168,19.168,19.168,19.192,19.192,19.192,16.385,23.169,23.169,21.679,23.041,22.966,22.991,22.972,23.044,16.435,12.925,23.144,12.556,13.249,12.636,12.460,10.275,13.085,13.138,13.138,10.974,16.776,14.887,14.667,12.985,12.884,14.917,14.407,14.878,10.583,1.680,3.078,3.081,4.309,1.375,1.349,4.399,4.452,1.142,2.004,2.724,1.875,2.141,2.380,1.848,2.225,0.396,6.022,7.246,16.719,12.761,6.834,16.128,7.702,4.848,7.061,5.866,9.540,5.741,7.207,5.915,5.000,12.631,0.654,14.224,13.342,19.182,19.182,19.182,11.075,13.174,13.248,13.248,4.670,7.216,7.594,19.139,19.139,19.139,19.139,19.139,19.139,19.139,19.139,19.139,19.139,19.139,19.139,19.139,16.032,19.139,18.837,2.422,3.957,13.605,1.555,2.227,3.409,6.933,3.571,22.985,11.587,3.688,4.280,13.115,24.749,15.265,16.459,15.407,17.215,19.975,15.672,11.241,4.008,6.635,6.635,5.860,11.974,11.974,4.021,3.255,3.967,12.250,5.042,19.139,19.139,19.139,19.139,19.139,19.139
NODE_441_length_11207_cov_53.7 - cas_IIIA translation,23.033,,99.598,88.346,99.129,99.129,87.922,98.995,98.459,98.796,98.796,28.970,98.026,98.126,29.062,29.293,25.739,29.062,28.970,29.321,29.321,62.027,24.847,24.847,24.847,24.847,24.847,24.257,29.257,29.285,29.285,29.285,29.285,29.285,29.285,29.285,29.285,29.285,29.865,98.024,98.024,98.288,98.595,98.394,98.094,98.361,98.526,71.651,22.586,98.426,39.786,26.408,22.156,39.779,19.993,25.166,25.166,25.166,36.927,61.520,22.418,22.233,19.257,21.878,22.393,23.089,20.237,21.818,2.773,3.653,3.687,10.588,1.963,1.995,5.861,5.894,7.687,1.739,2.719,1.708,2.100,2.361,1.643,4.438,1.324,12.670,7.408,62.195,21.556,12.196,24.053,7.515,7.751,45.356,13.810,13.701,9.762,7.014,13.544,14.393,68.067,4.664,26.497,25.796,33.109,33.109,33.109,17.858,30.321,30.265,30.238,12.179,25.696,18.591,28.205,28.205,28.205,28.205,28.205,28.205,28.205,28.205,28.205,28.205,28.205,28.205,28.205,71.790,28.205,27.647,12.118,13.578,24.170,8.984,4.442,5.037,35.844,5.324,98.294,62.989,5.606,10.670,30.145,30.126,22.482,24.621,20.880,27.549,23.765,23.045,17.971,8.740,13.180,13.180,11.958,19.250,19.250,8.805,7.930,8.667,17.976,10.035,28.205,28.205,28.205,28.205,28.205,28.205
NODE_252_length_10937_cov_36.7 - cas_IIIA translation,23.058,99.598,,88.681,99.464,99.330,88.090,99.096,98.660,99.130,99.130,29.026,98.126,98.394,29.118,29.293,25.739,29.118,29.026,29.321,29.321,62.295,24.847,24.847,24.847,24.847,24.847,24.257,29.257,29.285,29.285,29.285,29.285,29.285,29.285,29.285,29.285,29.285,29.921,97.924,97.924,98.573,98.862,98.394,98.161,98.361,98.560,71.685,22.662,98.526,39.752,26.440,22.189,39.846,19.993,25.166,25.166,25.166,36.927,61.487,22.482,22.294,19.289,21.845,22.457,23.150,20.171,21.888,2.773,3.653,3.687,10.652,1.963,1.995,5.828,5.861,7.687,1.739,2.719,1.708,2.100,2.361,1.643,4.438,1.324,12.670,7.408,62.295,21.523,12.196,24.053,7.515,7.724,45.306,13.779,13.646,9.762,7.014,13.544,14.393,68.100,4.664,26.557,25.862,33.170,33.170,33.170,17.933,30.321,30.265,30.238,12.179,25.658,18.521,28.177,28.177,28.177,28.177,28.177,28.177,28.177,28.177,28.177,28.177,28.177,28.177,28.177,71.696,28.177,27.617,12.147,13.606,24.137,8.984,4.442,5.037,35.887,5.324,98.227,62.989,5.606,10.734,30.145,30.067,22.482,24.621,20.816,27.577,23.706,22.982,18.004,8.716,13.135,13.135,11.935,19.222,19.222,8.781,7.881,8.643,18.007,10.067,28.177,28.177,28.177,28.177,28.177,28.177
NODE_224_length_10936_cov_20.4 - cas_IIIA translation,18.899,88.346,88.681,,88.245,88.078,99.247,87.843,87.408,87.989,87.989,28.604,86.852,87.220,28.698,28.879,28.426,28.698,28.604,28.907,28.907,70.169,24.313,24.313,24.313,24.313,24.313,26.785,28.842,28.870,28.870,28.870,28.870,28.870,28.870,28.870,28.870,28.870,29.896,86.671,86.671,86.657,87.688,87.153,86.957,87.053,87.240,79.939,23.545,87.341,44.721,29.597,24.953,44.821,22.446,28.262,28.262,28.262,41.776,69.193,25.170,24.897,21.623,24.537,25.143,25.850,22.657,24.779,3.117,4.033,4.071,11.247,2.199,2.236,6.544,6.581,8.616,1.953,3.040,1.919,2.359,2.651,1.845,4.897,1.476,12.876,6.395,70.094,24.121,11.745,23.598,6.881,7.250,54.201,5.816,13.219,10.956,5.990,15.173,16.667,56.867,5.198,26.431,29.083,25.551,25.551,25.551,16.967,30.280,30.222,30.194,14.174,29.303,20.955,27.722,27.722,27.722,27.722,27.722,27.722,27.722,27.722,27.722,27.722,27.722,27.722,27.722,61.231,27.722,30.504,13.452,14.457,27.115,10.044,4.902,5.615,41.953,5.832,87.023,51.722,5.219,11.336,30.100,24.611,22.291,24.437,23.318,22.266,23.758,25.664,20.246,9.449,9.263,9.263,11.224,19.881,19.881,9.533,8.571,9.370,20.055,9.264,27.722,27.722,27.722,27.722,27.722,27.722
NODE_109_length_11227_cov_38.7 - cas_IIIA translation,23.058,99.129,99.464,88.245,,98.794,87.655,98.560,98.125,98.662,98.662,28.942,98.595,98.193,29.034,29.210,25.739,29.034,28.942,29.238,29.238,62.329,24.763,24.763,24.763,24.763,24.763,24.200,29.146,29.174,29.174,29.174,29.174,29.174,29.174,29.174,29.174,29.174,29.837,98.024,98.024,98.359,98.394,98.695,98.294,98.762,98.895,71.719,22.662,98.326,39.752,26.440,22.189,39.846,19.993,25.166,25.166,25.166,36.927,61.453,22.482,22.325,19.289,21.845,22.457,23.181,20.171,21.888,2.773,3.653,3.687,10.588,1.963,1.995,5.828,5.861,7.687,1.739,2.719,1.708,2.100,2.361,1.643,4.438,1.324,12.698,7.324,62.262,21.523,12.172,23.984,7.402,7.724,45.257,13.779,13.646,9.762,6.930,13.576,14.393,68.567,4.664,26.466,25.862,33.170,33.170,33.170,17.896,30.294,30.238,30.211,12.179,25.658,18.521,28.063,28.063,28.063,28.063,28.063,28.063,28.063,28.063,28.063,28.063,28.063,28.063,28.063,71.728,28.063,27.530,12.147,13.606,24.137,8.984,4.442,5.037,35.887,5.324,98.361,63.457,5.579,10.670,30.119,30.009,22.455,24.593,20.816,27.521,23.676,22.982,18.004,8.716,13.090,13.090,11.912,19.362,19.362,8.781,7.881,8.643,18.007,10.035,28.063,28.063,28.063,28.063,28.063,28.063
NODE_213_length_10190_cov_204.0 - cas_IIIA translation,23.083,99.129,99.330,88.078,98.794,,87.822,98.962,98.493,99.130,99.130,29.026,98.060,98.394,29.118,29.293,25.710,29.118,29.026,29.321,29.293,62.262,24.847,24.847,24.847,24.847,24.847,24.257,29.257,29.285,29.285,29.285,29.285,29.285,29.285,29.285,29.285,29.285,29.865,97.790,97.790,98.573,98.862,97.926,97.960,98.294,98.359,71.448,22.636,98.392,39.685,26.440,22.189,39.779,19.993,25.133,25.166,25.166,36.857,61.353,22.450,22.263,19.257,21.812,22.425,23.120,20.171,21.888,2.773,3.623,3.656,10.556,1.930,1.963,5.894,5.927,7.687,1.739,2.719,1.708,2.100,2.361,1.643,4.438,1.324,12.641,7.408,62.195,21.490,12.149,24.053,7.515,7.779,44.763,13.748,13.701,9.729,7.014,13.512,14.393,67.500,4.664,26.497,25.862,33.140,33.140,33.140,17.933,30.240,30.184,30.157,12.179,25.658,18.486,28.148,28.148,28.148,28.148,28.148,28.148,28.148,28.148,28.148,28.148,28.148,28.148,28.148,71.603,28.148,27.588,12.059,13.523,24.104,8.984,4.442,5.007,35.758,5.297,98.227,62.387,5.579,10.638,30.065,30.067,22.455,24.593,20.816,27.549,23.706,22.982,18.037,8.667,13.090,13.090,11.867,19.222,19.222,8.732,7.857,8.595,18.007,10.035,28.148,28.148,28.148,28.148,28.148,28.148
NODE_113_length_31406_cov_40.0 - cas_IIIA translation,18.836,87.922,88.090,99.247,87.655,87.822,,88.123,87.354,87.667,87.667,28.580,87.186,87.220,28.674,28.854,28.368,28.674,28.580,28.883,28.854,70.056,24.292,24.292,24.292,24.292,24.292,26.759,28.788,28.817,28.817,28.817,28.817,28.817,28.817,28.817,28.817,28.817,29.812,86.584,86.584,86.586,87.554,87.186,87.258,87.421,87.153,80.091,23.500,87.019,44.482,29.529,24.888,44.821,22.346,28.119,28.156,28.156,41.855,69.077,25.036,24.768,21.491,24.362,25.009,25.720,22.484,24.670,3.113,4.028,4.066,11.165,2.160,2.197,6.537,6.574,8.606,1.951,3.037,1.917,2.356,2.648,1.843,4.926,1.508,12.834,6.447,70.584,23.947,11.712,23.582,6.875,7.244,54.201,5.780,13.151,10.908,6.042,15.121,16.643,56.777,5.192,26.344,29.013,25.436,25.436,25.436,16.910,30.116,30.113,30.086,14.055,29.222,20.812,27.581,27.581,27.581,27.581,27.581,27.581,27.581,27.581,27.581,27.581,27.581,27.581,27.581,61.267,27.581,30.345,13.406,14.414,26.937,10.033,4.931,5.610,41.839,5.827,86.869,51.637,5.215,11.254,29.936,24.472,22.160,24.302,23.149,22.162,23.582,25.495,20.149,9.396,9.217,9.217,11.178,19.833,19.833,9.479,8.545,9.318,19.931,9.222,27.581,27.581,27.581,27.581,27.581,27.581
NODE_247_length_27833_cov_540.2 - cas_IIIA translation,23.008,98.995,99.096,87.843,98.560,98.962,88.123,,98.761,98.896,98.896,28.942,98.294,98.093,29.034,29.210,25.624,29.034,28.942,29.238,29.210,62.027,24.791,24.791,24.791,24.791,24.791,24.200,29.174,29.202,29.202,29.202,29.202,29.202,29.202,29.202,29.202,29.202,29.837,98.125,98.125,98.216,98.494,97.926,97.893,98.428,98.493,71.244,22.611,98.359,39.652,26.343,22.090,39.545,19.894,25.000,25.033,25.033,36.787,61.587,22.386,22.233,19.192,21.680,22.361,23.089,20.039,21.782,2.773,3.653,3.687,10.556,1.930,1.963,5.861,5.894,7.687,1.739,2.719,1.708,2.100,2.361,1.643,4.498,1.355,12.670,7.437,62.496,21.358,12.149,23.984,7.515,7.724,44.960,13.748,13.591,9.762,7.042,13.544,14.393,67.700,4.664,26.497,25.763,33.109,33.109,33.109,17.896,30.213,30.211,30.184,12.179,25.658,18.451,28.006,28.006,28.006,28.006,28.006,28.006,28.006,28.006,28.006,28.006,28.006,28.006,28.006,71.884,28.006,27.442,12.089,13.550,23.972,8.984,4.472,5.037,35.931,5.324,98.294,62.621,5.606,10.638,30.038,29.950,22.292,24.428,20.687,27.379,23.588,22.855,17.938,8.619,13.068,13.068,11.844,19.194,19.194,8.683,7.857,8.547,17.914,10.035,28.006,28.006,28.006,28.006,28.006,28.006
NODE_5584_length_9862_cov_50.174553 - cas_IIIA translation,23.064,98.459,98.660,87.408,98.125,98.493,87.354,98.761,,98.628,98.628,28.942,97.959,98.227,29.090,29.238,25.710,29.090,28.942,29.266,29.266,62.061,24.791,24.791,24.791,24.791,24.791,24.200,29.202,29.229,29.229,29.229,29.229,29.229,29.229,29.229,29.229,29.229,29.753,97.589,97.589,98.323,98.628,97.859,97.725,98.193,98.058,71.031,22.693,98.192,39.744,26.511,22.211,39.872,20.007,25.200,25.200,25.200,37.118,61.273,22.536,22.284,19.267,21.766,22.511,23.141,20.251,21.946,2.784,3.564,3.598,10.661,1.938,1.970,5.917,5.950,7.685,1.713,2.698,1.682,2.076,2.337,1.616,4.468,1.355,12.583,7.408,61.659,21.443,12.107,24.007,7.487,7.669,44.170,13.686,13.537,9.696,7.014,13.480,14.507,67.133,4.617,26.375,25.932,33.170,33.170,33.170,17.896,30.148,30.146,30.119,12.156,25.624,18.394,27.928,27.928,27.928,27.928,27.928,27.928,27.928,27.928,27.928,27.928,27.928,27.928,27.928,71.384,27.928,27.363,12.089,13.523,23.882,8.987,4.472,4.952,36.031,5.217,97.659,62.086,5.499,10.743,29.973,30.009,22.156,24.318,20.896,27.265,23.618,22.887,18.009,8.668,13.102,13.102,11.855,19.154,19.154,8.733,7.840,8.596,17.950,10.010,27.928,27.928,27.928,27.928,27.928,27.928
NODE_391_length_11715_cov_65.8 - cas_IIIA translation,23.016,98.796,99.130,87.989,98.662,99.130,87.667,98.896,98.628,,100.000,29.057,98.128,98.529,29.149,29.325,25.774,29.149,29.057,29.353,29.353,62.467,24.882,24.882,24.882,24.882,24.882,24.293,29.289,29.317,29.317,29.317,29.317,29.317,29.317,29.317,29.317,29.317,29.840,97.993,97.993,98.646,98.930,97.928,97.928,98.329,98.428,71.477,22.670,98.662,39.712,26.414,22.167,39.739,19.974,25.141,25.141,25.141,36.958,61.726,22.492,22.366,19.270,21.824,22.467,23.221,20.184,21.865,2.770,3.619,3.653,10.578,1.961,1.993,5.855,5.888,7.679,1.737,2.716,1.707,2.098,2.358,1.641,4.494,1.384,12.572,7.458,62.199,21.501,12.164,24.083,7.537,7.690,44.598,13.766,13.580,9.654,7.064,13.434,14.375,67.333,4.659,26.472,25.836,33.201,33.201,33.201,17.950,30.270,30.213,30.186,12.163,25.629,18.537,28.181,28.181,28.181,28.181,28.181,28.181,28.181,28.181,28.181,28.181,28.181,28.181,28.181,71.598,28.181,27.622,12.078,13.539,24.146,8.976,4.468,5.003,35.711,5.292,98.696,62.224,5.574,10.660,30.094,30.012,22.410,24.545,20.828,27.497,23.656,22.929,17.986,8.709,13.126,13.126,11.904,19.150,19.150,8.775,7.876,8.637,17.928,10.025,28.181,28.181,28.181,28.181,28.181,28.181
NODE_131_length_11337_cov_55.4 - cas_IIIA translation,23.016,98.796,99.130,87.989,98.662,99.130,87.667,98.896,98.628,100.000,,29.057,98.128,98.529,29.149,29.325,25.774,29.149,29.057,29.353,29.353,62.467,24.882,24.882,24.882,24.882,24.882,24.293,29.289,29.317,29.317,29.317,29.317,29.317,29.317,29.317,29.317,29.317,29.840,97.993,97.993,98.646,98.930,97.928,97.928,98.329,98.428,71.477,22.670,98.662,39.712,26.414,22.167,39.739,19.974,25.141,25.141,25.141,36.958,61.726,22.492,22.366,19.270,21.824,22.467,23.221,20.184,21.865,2.770,3.619,3.653,10.578,1.961,1.993,5.855,5.888,7.679,1.737,2.716,1.707,2.098,2.358,1.641,4.494,1.384,12.572,7.458,62.199,21.501,12.164,24.083,7.537,7.690,44.598,13.766,13.580,9.654,7.064,13.434,14.375,67.333,4.659,26.472,25.836,33.201,33.201,33.201,17.950,30.270,30.213,30.186,12.163,25.629,18.537,28.181,28.181,28.181,28.181,28.181,28.181,28.181,28.181,28.181,28.181,28.181,28.181,28.181,71.598,28.181,27.622,12.078,13.539,24.146,8.976,4.468,5.003,35.711,5.292,98.696,62.224,5.574,10.660,30.094,30.012,22.410,24.545,20.828,27.497,23.656,22.929,17.986,8.709,13.126,13.126,11.904,19.150,19.150,8.775,7.876,8.637,17.928,10.025,28.181,28.181,28.181,28.181,28.181,28.181
NODE_86_length_9544_cov_55.9 - cas_IIIA translation,18.933,28.970,29.026,28.604,28.942,29.026,28.580,28.942,28.942,29.057,29.057,,28.918,28.974,98.838,95.317,73.896,98.838,100.000,95.284,95.184,24.739,87.832,87.832,87.832,87.832,87.832,76.951,90.972,90.873,90.906,90.906,90.906,90.906,90.906,90.972,90.972,90.972,57.071,28.930,28.930,26.824,28.974,28.918,28.854,28.918,29.014,23.841,35.577,28.958,24.917,41.719,29.216,24.942,31.086,38.260,38.426,38.426,22.591,24.715,20.644,22.101,21.070,23.806,20.651,21.899,15.523,46.199,2.600,2.033,2.063,5.248,2.230,2.296,1.790,1.759,6.432,1.398,2.003,1.302,1.756,1.892,1.269,12.553,15.012,3.971,52.507,24.709,23.710,12.407,75.812,40.013,3.392,9.996,5.279,11.337,2.500,51.079,3.127,33.949,13.413,8.502,54.658,34.063,23.189,23.189,23.189,35.936,22.530,22.522,22.471,5.760,16.741,9.017,50.906,50.906,50.906,50.906,50.906,50.906,50.906,50.906,50.906,50.906,50.906,50.906,50.906,18.045,50.878,41.381,12.396,16.368,23.466,12.500,12.566,3.054,12.705,4.529,28.994,9.986,6.473,5.360,22.374,22.686,33.614,33.535,16.140,25.223,21.530,15.690,19.716,12.844,14.989,14.989,28.443,19.077,19.077,11.937,13.371,12.894,19.297,14.859,50.906,50.906,50.906,50.906,50.906,50.906
NODE_440_length_10143_cov_93.9 - cas_IIIA translation,22.966,98.026,98.126,86.852,98.595,98.060,87.186,98.294,97.959,98.128,98.128,28.918,,98.829,29.066,29.241,25.774,29.066,28.918,29.269,29.269,63.019,24.798,24.798,24.798,24.798,24.798,24.236,29.177,29.205,29.205,29.205,29.205,29.205,29.205,29.205,29.205,29.205,29.727,98.026,98.026,98.965,98.996,98.662,98.094,99.063,98.662,71.550,22.670,97.959,39.478,26.414,22.134,40.328,20.040,25.207,25.207,25.207,37.277,61.626,22.460,22.304,19.206,21.758,22.435,23.160,20.217,21.936,2.771,3.651,3.685,10.546,1.994,2.027,5.923,5.955,7.582,1.738,2.717,1.707,2.099,2.359,1.641,4.465,1.323,12.691,7.320,62.596,21.436,12.167,24.014,7.370,7.720,44.466,13.708,13.635,9.755,6.926,13.568,14.458,67.821,4.596,26.351,25.836,33.140,33.140,33.140,17.839,30.216,30.159,30.132,12.121,25.442,18.432,27.896,27.896,27.896,27.896,27.896,27.896,27.896,27.896,27.896,27.896,27.896,27.896,27.896,71.754,27.896,27.360,11.965,13.432,23.982,8.881,4.469,5.034,35.668,5.321,98.196,62.813,5.575,10.628,30.040,30.012,22.410,24.545,20.860,27.412,23.685,22.992,17.887,8.691,13.068,13.068,11.890,19.234,19.234,8.756,7.857,8.619,17.835,10.029,27.896,27.896,27.896,27.896,27.896,27.896
NODE_992_length_10196_cov_30.6 - cas_IIIA translation,23.041,98.126,98.394,87.220,98.193,98.394,87.220,98.093,98.227,98.529,98.529,28.974,98.829,,29.121,29.297,25.774,29.121,28.974,29.325,29.325,63.086,24.854,24.854,24.854,24.854,24.854,24.265,29.233,29.261,29.261,29.261,29.261,29.261,29.261,29.261,29.261,29.261,29.756,98.126,98.126,99.429,99.331,98.528,98.194,98.494,98.160,71.550,22.670,98.494,39.512,26.382,22.134,40.295,20.040,25.207,25.207,25.207,37.242,61.526,22.460,22.335,19.206,21.725,22.435,23.191,20.184,21.900,2.771,3.651,3.685,10.546,1.994,2.027,5.923,5.955,7.582,1.738,2.717,1.707,2.099,2.359,1.641,4.435,1.354,12.720,7.404,62.195,21.436,12.190,24.060,7.398,7.692,44.417,13.802,13.608,9.788,7.010,13.600,14.416,67.122,4.596,26.381,25.836,33.201,33.201,33.201,17.913,30.243,30.186,30.159,12.121,25.479,18.432,27.982,27.982,27.982,27.982,27.982,27.982,27.982,27.982,27.982,27.982,27.982,27.982,27.982,71.723,27.982,27.418,12.023,13.459,23.982,8.881,4.439,5.034,35.538,5.321,98.129,62.145,5.603,10.628,30.067,29.982,22.355,24.463,20.828,27.412,23.656,22.960,17.887,8.716,13.135,13.135,11.935,19.122,19.122,8.781,7.906,8.643,17.866,10.029,27.982,27.982,27.982,27.982,27.982,27.982
NODE_583_length_11301_cov_480.6 - cas_IIIA translation,19.008,29.062,29.118,28.698,29.034,29.118,28.674,29.034,29.090,29.149,29.149,98.838,29.066,29.121,,95.317,74.128,100.000,98.838,95.483,95.384,24.866,87.964,87.964,87.964,87.964,87.964,77.051,90.972,90.939,90.972,90.972,90.972,90.972,90.972,91.039,91.039,91.039,57.120,28.994,28.994,26.979,29.121,29.093,28.946,29.066,29.106,23.935,35.772,29.050,24.959,41.766,29.226,25.050,31.163,38.339,38.372,38.372,22.702,24.873,20.620,22.078,21.012,23.782,20.626,21.817,15.621,46.215,2.535,2.062,2.092,5.279,2.198,2.264,1.791,1.760,6.468,1.398,2.004,1.303,1.757,1.892,1.270,12.193,15.344,4.024,52.674,24.776,23.685,12.455,75.812,39.814,3.518,10.085,5.221,11.416,2.501,51.279,3.128,33.878,13.501,8.538,54.711,34.207,23.081,23.081,23.081,35.684,22.586,22.578,22.527,5.762,16.859,9.019,50.763,50.763,50.763,50.763,50.763,50.763,50.763,50.763,50.763,50.763,50.763,50.763,50.763,18.182,50.734,41.266,12.396,16.368,23.442,12.537,12.205,3.028,12.911,4.530,29.085,10.073,6.500,5.391,22.431,22.693,33.624,33.505,16.236,25.202,21.647,15.780,19.722,12.848,14.993,14.993,28.305,19.055,19.055,11.940,13.374,12.897,19.303,14.893,50.763,50.763,50.763,50.763,50.763,50.763
NODE_2558_length_10306_cov_42.2 - cas_IIIA translation,19.107,29.293,29.293,28.879,29.210,29.293,28.854,29.210,29.238,29.325,29.325,95.317,29.241,29.297,95.317,,77.601,95.317,95.317,99.335,99.468,25.022,92.269,92.269,92.269,92.269,92.269,81.323,94.985,95.018,95.051,95.051,95.051,95.051,95.051,95.051,95.051,95.051,57.610,29.254,29.254,27.163,29.297,29.269,29.093,29.213,29.254,24.116,36.154,29.282,25.132,41.946,29.435,25.157,33.034,40.179,40.479,40.479,22.848,25.060,20.780,22.205,21.212,24.015,20.786,21.942,15.626,44.052,2.898,2.062,2.093,5.369,2.297,2.363,1.853,1.822,6.370,1.464,2.035,1.336,1.790,1.925,1.303,12.693,17.215,4.205,55.068,24.963,23.919,12.435,79.472,40.339,3.494,10.123,5.342,11.444,2.737,53.573,3.324,36.430,13.560,8.475,55.243,34.550,23.231,23.231,23.231,36.153,22.745,22.737,22.686,6.057,17.088,9.242,51.051,51.051,51.051,51.051,51.051,51.051,51.051,51.051,51.051,51.051,51.051,51.051,51.051,18.266,51.022,41.578,12.489,16.463,23.635,12.442,12.705,3.055,12.996,4.557,29.317,10.104,6.502,5.481,22.589,22.808,33.905,33.858,16.241,25.515,21.681,15.814,20.026,13.072,15.440,15.440,28.942,19.276,19.276,12.189,13.813,13.122,19.582,14.987,51.051,51.051,51.051,51.051,51.051,51.051
NODE_329_length_7548_cov_63.1 - cas_IIIA translation,17.203,25.739,25.739,28.426,25.739,25.710,28.368,25.624,25.710,25.774,25.774,73.896,25.774,25.774,74.128,77.601,,74.128,73.896,78.232,77.999,31.120,70.272,70.272,70.272,70.272,70.272,79.156,73.231,73.231,73.265,73.265,73.265,73.265,73.265,73.331,73.331,73.331,43.333,25.696,25.696,23.349,25.774,25.803,25.566,25.688,25.754,29.570,37.416,25.754,32.096,53.472,37.399,32.113,42.076,51.314,51.271,51.271,29.545,31.224,25.987,27.713,26.865,30.421,25.997,27.233,19.572,57.762,3.601,2.560,2.598,4.789,2.789,2.873,2.317,2.279,8.203,1.856,2.534,1.694,2.269,2.431,1.652,15.973,21.568,2.961,33.034,31.009,30.233,6.730,61.717,25.332,2.066,14.101,4.345,7.540,3.347,31.605,3.588,50.418,9.662,10.890,39.719,44.078,23.174,23.174,23.174,13.933,16.331,16.293,16.267,8.252,22.516,10.361,32.508,32.508,32.508,32.508,32.508,32.508,32.508,32.508,32.508,32.508,32.508,32.508,32.508,14.630,32.508,35.964,15.436,15.704,29.631,15.941,15.993,2.451,17.625,2.314,25.795,6.097,1.776,4.949,16.234,18.942,28.168,28.734,20.235,22.283,22.723,19.452,25.368,15.583,14.258,14.258,14.677,21.127,21.127,14.503,16.590,15.641,24.340,2.024,32.508,32.508,32.508,32.508,32.508,32.508
NODE_606_length_9909_cov_18.8 - cas_IIIA translation,19.008,29.062,29.118,28.698,29.034,29.118,28.674,29.034,29.090,29.149,29.149,98.838,29.066,29.121,100.000,95.317,74.128,,98.838,95.483,95.384,24.866,87.964,87.964,87.964,87.964,87.964,77.051,90.972,90.939,90.972,90.972,90.972,90.972,90.972,91.039,91.039,91.039,57.120,28.994,28.994,26.979,29.121,29.093,28.946,29.066,29.106,23.935,35.772,29.050,24.959,41.766,29.226,25.050,31.163,38.339,38.372,38.372,22.702,24.873,20.620,22.078,21.012,23.782,20.626,21.817,15.621,46.215,2.535,2.062,2.092,5.279,2.198,2.264,1.791,1.760,6.468,1.398,2.004,1.303,1.757,1.892,1.270,12.193,15.344,4.024,52.674,24.776,23.685,12.455,75.812,39.814,3.518,10.085,5.221,11.416,2.501,51.279,3.128,33.878,13.501,8.538,54.711,34.207,23.081,23.081,23.081,35.684,22.586,22.578,22.527,5.762,16.859,9.019,50.763,50.763,50.763,50.763,50.763,50.763,50.763,50.763,50.763,50.763,50.763,50.763,50.763,18.182,50.734,41.266,12.396,16.368,23.442,12.537,12.205,3.028,12.911,4.530,29.085,10.073,6.500,5.391,22.431,22.693,33.624,33.505,16.236,25.202,21.647,15.780,19.722,12.848,14.993,14.993,28.305,19.055,19.055,11.940,13.374,12.897,19.303,14.893,50.763,50.763,50.763,50.763,50.763,50.763
NODE_623_length_10501_cov_287.1 - cas_IIIA translation,18.933,28.970,29.026,28.604,28.942,29.026,28.580,28.942,28.942,29.057,29.057,100.000,28.918,28.974,98.838,95.317,73.896,98.838,,95.284,95.184,24.739,87.832,87.832,87.832,87.832,87.832,76.951,90.972,90.873,90.906,90.906,90.906,90.906,90.906,90.972,90.972,90.972,57.071,28.930,28.930,26.824,28.974,28.918,28.854,28.918,29.014,23.841,35.577,28.958,24.917,41.719,29.216,24.942,31.086,38.260,38.426,38.426,22.591,24.715,20.644,22.101,21.070,23.806,20.651,21.899,15.523,46.199,2.600,2.033,2.063,5.248,2.230,2.296,1.790,1.759,6.432,1.398,2.003,1.302,1.756,1.892,1.269,12.553,15.012,3.971,52.507,24.709,23.710,12.407,75.812,40.013,3.392,9.996,5.279,11.337,2.500,51.079,3.127,33.949,13.413,8.502,54.658,34.063,23.189,23.189,23.189,35.936,22.530,22.522,22.471,5.760,16.741,9.017,50.906,50.906,50.906,50.906,50.906,50.906,50.906,50.906,50.906,50.906,50.906,50.906,50.906,18.045,50.878,41.381,12.396,16.368,23.466,12.500,12.566,3.054,12.705,4.529,28.994,9.986,6.473,5.360,22.374,22.686,33.614,33.535,16.140,25.223,21.530,15.690,19.716,12.844,14.989,14.989,28.443,19.077,19.077,11.937,13.371,12.894,19.297,14.859,50.906,50.906,50.906,50.906,50.906,50.906
NODE_77_length_9251_cov_21.3 - cas_IIIA translation,19.060,29.321,29.321,28.907,29.238,29.321,28.883,29.238,29.266,29.353,29.353,95.284,29.269,29.325,95.483,99.335,78.232,95.483,95.284,,99.402,25.052,91.938,91.938,91.938,91.938,91.938,80.990,94.719,94.753,94.786,94.786,94.786,94.786,94.786,94.786,94.786,94.786,57.516,29.254,29.254,27.192,29.325,29.325,29.121,29.241,29.282,24.174,36.154,29.310,25.132,41.946,29.369,25.157,33.067,40.213,40.312,40.312,22.848,25.120,20.718,22.205,21.148,23.983,20.725,21.942,15.595,44.089,2.832,2.062,2.093,5.251,2.232,2.297,1.853,1.822,6.403,1.464,2.035,1.336,1.790,1.925,1.303,12.594,16.916,4.180,54.636,24.993,23.886,12.412,78.996,40.272,3.494,10.208,5.342,11.368,2.707,53.207,3.296,36.301,13.616,8.508,55.141,34.550,23.231,23.231,23.231,36.115,22.694,22.686,22.635,6.015,17.051,9.211,50.936,50.936,50.936,50.936,50.936,50.936,50.936,50.936,50.936,50.936,50.936,50.936,50.936,18.292,50.907,41.463,12.547,16.548,23.604,12.475,12.607,3.055,13.037,4.532,29.344,10.160,6.476,5.363,22.538,22.808,33.935,33.889,16.210,25.571,21.709,15.785,19.927,13.072,15.464,15.464,28.918,19.222,19.222,12.164,13.813,13.122,19.521,14.957,50.936,50.936,50.936,50.936,50.936,50.936
NODE_111_length_9770_cov_61.4 - cas_IIIA translation,19.060,29.321,29.321,28.907,29.238,29.293,28.854,29.210,29.266,29.353,29.353,95.184,29.269,29.325,95.384,99.468,77.999,95.384,95.184,99.402,,25.052,92.070,92.070,92.070,92.070,92.070,81.256,94.985,95.018,95.051,95.051,95.051,95.051,95.051,95.051,95.051,95.051,57.484,29.254,29.254,27.192,29.325,29.325,29.121,29.213,29.282,24.174,36.126,29.310,25.166,41.847,29.302,25.190,32.968,40.246,40.213,40.213,22.883,25.120,20.780,22.236,21.212,24.015,20.786,21.971,15.626,44.162,2.832,2.062,2.093,5.369,2.232,2.297,1.853,1.822,6.403,1.464,2.035,1.336,1.790,1.925,1.303,12.627,17.149,4.205,54.869,24.963,23.919,12.503,79.102,40.339,3.494,10.166,5.312,11.393,2.737,53.440,3.324,36.473,13.588,8.508,55.175,34.550,23.231,23.231,23.231,35.964,22.795,22.787,22.737,6.015,17.051,9.211,50.993,50.993,50.993,50.993,50.993,50.993,50.993,50.993,50.993,50.993,50.993,50.993,50.993,18.292,50.965,41.578,12.547,16.520,23.635,12.475,12.640,3.055,13.037,4.557,29.344,10.132,6.553,5.481,22.640,22.808,33.935,33.858,16.241,25.571,21.709,15.814,19.927,13.023,15.394,15.394,28.797,19.195,19.195,12.140,13.762,13.072,19.491,14.987,50.993,50.993,50.993,50.993,50.993,50.993
NODE_1098_length_6515_cov_21.1 - cas_IIIA translation,16.745,62.027,62.295,70.169,62.329,62.262,70.056,62.027,62.061,62.467,62.467,24.739,63.019,63.086,24.866,25.022,31.120,24.866,24.739,25.052,25.052,,20.269,20.269,20.269,20.269,20.269,22.576,25.007,25.007,25.007,25.007,25.007,25.007,25.007,25.007,25.007,25.007,27.393,61.927,61.927,60.742,63.286,62.462,62.007,62.496,62.161,83.540,24.963,62.094,62.216,40.780,34.719,63.569,31.360,39.460,39.460,39.460,60.352,97.098,34.512,33.272,29.676,33.967,34.479,31.792,31.541,35.673,4.334,5.076,5.127,7.550,3.146,3.196,9.221,9.272,11.895,2.708,4.151,2.664,3.274,3.675,2.560,6.134,1.578,9.941,1.479,98.470,33.436,10.517,20.286,2.113,6.568,96.989,2.970,12.852,15.213,1.056,12.500,26.408,31.446,7.089,23.444,40.498,24.667,24.667,24.667,14.071,30.311,30.219,30.189,22.465,43.140,23.687,21.649,21.649,21.649,21.649,21.649,21.649,21.649,21.649,21.649,21.649,21.649,21.649,21.649,38.046,21.649,23.988,13.452,10.801,37.570,13.730,6.098,4.283,67.623,3.822,62.245,26.328,3.223,7.727,30.146,21.627,22.752,22.715,32.146,19.622,24.256,32.761,28.037,11.767,9.254,9.254,9.256,19.973,19.973,11.922,10.223,11.668,26.936,6.491,21.649,21.649,21.649,21.649,21.649,21.649
NODE_312_length_8963_cov_71.5 - cas_IIIA translation,16.497,24.847,24.847,24.313,24.763,24.847,24.292,24.791,24.791,24.882,24.882,87.832,24.798,24.854,87.964,92.269,70.272,87.964,87.832,91.938,92.070,20.269,,100.000,100.000,100.000,100.000,87.679,87.798,87.832,87.865,87.865,87.865,87.865,87.865,87.898,87.898,87.898,51.743,24.805,24.805,26.212,24.854,24.854,24.708,24.770,24.805,20.463,30.934,24.860,19.901,35.776,23.250,19.901,35.714,33.013,32.979,32.979,20.704,20.353,16.273,17.768,16.479,18.208,16.278,17.581,12.872,44.052,3.042,2.195,2.228,4.540,2.349,2.419,1.941,1.909,6.667,1.530,2.176,1.436,1.924,2.067,1.400,13.526,18.462,4.406,59.213,20.209,18.112,8.875,73.633,43.460,3.680,10.166,5.669,12.047,2.921,57.746,3.490,36.559,14.009,9.159,55.243,28.330,19.022,19.022,19.022,36.115,18.706,18.694,18.644,6.015,17.088,9.180,45.831,45.831,45.831,45.831,45.831,45.831,45.831,45.831,45.831,45.831,45.831,45.831,45.831,14.135,45.802,36.371,13.290,17.305,18.055,13.156,13.540,3.241,13.037,4.820,24.875,10.777,6.877,4.529,18.555,19.563,30.334,30.264,12.625,22.235,18.374,12.414,15.638,12.245,14.676,14.676,28.267,15.692,15.692,11.379,14.599,12.320,15.557,16.000,45.831,45.831,45.831,45.831,45.831,45.831
NODE_476_length_8534_cov_80.1 - cas_IIIA translation,16.497,24.847,24.847,24.313,24.763,24.847,24.292,24.791,24.791,24.882,24.882,87.832,24.798,24.854,87.964,92.269,70.272,87.964,87.832,91.938,92.070,20.269,100.000,,100.000,100.000,100.000,87.679,87.798,87.832,87.865,87.865,87.865,87.865,87.865,87.898,87.898,87.898,51.743,24.805,24.805,26.212,24.854,24.854,24.708,24.770,24.805,20.463,30.934,24.860,19.901,35.776,23.250,19.901,35.714,33.013,32.979,32.979,20.704,20.353,16.273,17.768,16.479,18.208,16.278,17.581,12.872,44.052,3.042,2.195,2.228,4.540,2.349,2.419,1.941,1.909,6.667,1.530,2.176,1.436,1.924,2.067,1.400,13.526,18.462,4.406,59.213,20.209,18.112,8.875,73.633,43.460,3.680,10.166,5.669,12.047,2.921,57.746,3.490,36.559,14.009,9.159,55.243,28.330,19.022,19.022,19.022,36.115,18.706,18.694,18.644,6.015,17.088,9.180,45.831,45.831,45.831,45.831,45.831,45.831,45.831,45.831,45.831,45.831,45.831,45.831,45.831,14.135,45.802,36.371,13.290,17.305,18.055,13.156,13.540,3.241,13.037,4.820,24.875,10.777,6.877,4.529,18.555,19.563,30.334,30.264,12.625,22.235,18.374,12.414,15.638,12.245,14.676,14.676,28.267,15.692,15.692,11.379,14.599,12.320,15.557,16.000,45.831,45.831,45.831,45.831,45.831,45.831
NODE_225_length_8853_cov_70.7 - cas_IIIA translation,16.497,24.847,24.847,24.313,24.763,24.847,24.292,24.791,24.791,24.882,24.882,87.832,24.798,24.854,87.964,92.269,70.272,87.964,87.832,91.938,92.070,20.269,100.000,100.000,,100.000,100.000,87.679,87.798,87.832,87.865,87.865,87.865,87.865,87.865,87.898,87.898,87.898,51.743,24.805,24.805,26.212,24.854,24.854,24.708,24.770,24.805,20.463,30.934,24.860,19.901,35.776,23.250,19.901,35.714,33.013,32.979,32.979,20.704,20.353,16.273,17.768,16.479,18.208,16.278,17.581,12.872,44.052,3.042,2.195,2.228,4.540,2.349,2.419,1.941,1.909,6.667,1.530,2.176,1.436,1.924,2.067,1.400,13.526,18.462,4.406,59.213,20.209,18.112,8.875,73.633,43.460,3.680,10.166,5.669,12.047,2.921,57.746,3.490,36.559,14.009,9.159,55.243,28.330,19.022,19.022,19.022,36.115,18.706,18.694,18.644,6.015,17.088,9.180,45.831,45.831,45.831,45.831,45.831,45.831,45.831,45.831,45.831,45.831,45.831,45.831,45.831,14.135,45.802,36.371,13.290,17.305,18.055,13.156,13.540,3.241,13.037,4.820,24.875,10.777,6.877,4.529,18.555,19.563,30.334,30.264,12.625,22.235,18.374,12.414,15.638,12.245,14.676,14.676,28.267,15.692,15.692,11.379,14.599,12.320,15.557,16.000,45.831,45.831,45.831,45.831,45.831,45.831
NODE_139_length_10867_cov_134.2 - cas_IIIA translation,16.497,24.847,24.847,24.313,24.763,24.847,24.292,24.791,24.791,24.882,24.882,87.832,24.798,24.854,87.964,92.269,70.272,87.964,87.832,91.938,92.070,20.269,100.000,100.000,100.000,,100.000,87.679,87.798,87.832,87.865,87.865,87.865,87.865,87.865,87.898,87.898,87.898,51.743,24.805,24.805,26.212,24.854,24.854,24.708,24.770,24.805,20.463,30.934,24.860,19.901,35.776,23.250,19.901,35.714,33.013,32.979,32.979,20.704,20.353,16.273,17.768,16.479,18.208,16.278,17.581,12.872,44.052,3.042,2.195,2.228,4.540,2.349,2.419,1.941,1.909,6.667,1.530,2.176,1.436,1.924,2.067,1.400,13.526,18.462,4.406,59.213,20.209,18.112,8.875,73.633,43.460,3.680,10.166,5.669,12.047,2.921,57.746,3.490,36.559,14.009,9.159,55.243,28.330,19.022,19.022,19.022,36.115,18.706,18.694,18.644,6.015,17.088,9.180,45.831,45.831,45.831,45.831,45.831,45.831,45.831,45.831,45.831,45.831,45.831,45.831,45.831,14.135,45.802,36.371,13.290,17.305,18.055,13.156,13.540,3.241,13.037,4.820,24.875,10.777,6.877,4.529,18.555,19.563,30.334,30.264,12.625,22.235,18.374,12.414,15.638,12.245,14.676,14.676,28.267,15.692,15.692,11.379,14.599,12.320,15.557,16.000,45.831,45.831,45.831,45.831,45.831,45.831
NODE_390_length_8929_cov_55.4 - cas_IIIA translation,16.497,24.847,24.847,24.313,24.763,24.847,24.292,24.791,24.791,24.882,24.882,87.832,24.798,24.854,87.964,92.269,70.272,87.964,87.832,91.938,92.070,20.269,100.000,100.000,100.000,100.000,,87.679,87.798,87.832,87.865,87.865,87.865,87.865,87.865,87.898,87.898,87.898,51.743,24.805,24.805,26.212,24.854,24.854,24.708,24.770,24.805,20.463,30.934,24.860,19.901,35.776,23.250,19.901,35.714,33.013,32.979,32.979,20.704,20.353,16.273,17.768,16.479,18.208,16.278,17.581,12.872,44.052,3.042,2.195,2.228,4.540,2.349,2.419,1.941,1.909,6.667,1.530,2.176,1.436,1.924,2.067,1.400,13.526,18.462,4.406,59.213,20.209,18.112,8.875,73.633,43.460,3.680,10.166,5.669,12.047,2.921,57.746,3.490,36.559,14.009,9.159,55.243,28.330,19.022,19.022,19.022,36.115,18.706,18.694,18.644,6.015,17.088,9.180,45.831,45.831,45.831,45.831,45.831,45.831,45.831,45.831,45.831,45.831,45.831,45.831,45.831,14.135,45.802,36.371,13.290,17.305,18.055,13.156,13.540,3.241,13.037,4.820,24.875,10.777,6.877,4.529,18.555,19.563,30.334,30.264,12.625,22.235,18.374,12.414,15.638,12.245,14.676,14.676,28.267,15.692,15.692,11.379,14.599,12.320,15.557,16.000,45.831,45.831,45.831,45.831,45.831,45.831
NODE_298_length_9895_cov_38.9 - cas_IIIA translation,16.160,24.257,24.257,26.785,24.200,24.257,26.759,24.200,24.200,24.293,24.293,76.951,24.236,24.265,77.051,81.323,79.156,77.051,76.951,80.990,81.256,22.576,87.679,87.679,87.679,87.679,87.679,,76.984,77.018,77.051,77.051,77.051,77.051,77.051,77.084,77.084,77.084,44.465,24.214,24.214,25.595,24.265,24.265,24.115,24.179,24.214,22.527,31.678,24.271,22.479,40.351,26.223,22.474,40.861,37.257,37.220,37.220,23.477,22.677,18.188,19.799,18.527,20.463,18.194,19.519,14.414,50.166,3.450,2.472,2.509,4.995,2.616,2.695,2.183,2.146,7.609,1.733,2.440,1.625,2.177,2.335,1.585,15.299,20.959,3.887,47.227,22.510,20.340,5.313,64.676,35.061,2.592,11.843,4.542,8.506,3.262,45.760,3.907,42.721,13.101,10.439,47.190,31.978,18.446,18.446,18.446,23.483,14.714,14.700,14.649,6.987,19.542,10.238,36.395,36.395,36.395,36.395,36.395,36.395,36.395,36.395,36.395,36.395,36.395,36.395,36.395,13.332,36.395,40.216,14.833,18.069,20.201,14.976,15.317,3.580,15.093,5.232,24.287,9.762,4.568,4.949,14.594,19.221,26.401,29.024,14.106,21.955,18.816,13.806,17.638,13.304,14.172,14.172,20.078,16.609,16.609,12.415,16.062,13.386,17.363,8.098,36.395,36.395,36.395,36.395,36.395,36.395
NODE_300_length_9474_cov_21.1 - cas_IIIA translation,19.168,29.257,29.257,28.842,29.146,29.257,28.788,29.174,29.202,29.289,29.289,90.972,29.177,29.233,90.972,94.985,73.231,90.972,90.972,94.719,94.985,25.007,87.798,87.798,87.798,87.798,87.798,76.984,,99.834,99.867,99.867,99.867,99.867,99.867,99.867,99.867,99.867,57.565,29.190,29.190,27.096,29.261,29.233,29.030,29.149,29.190,24.130,36.116,29.218,25.116,41.941,29.388,25.141,33.256,40.339,40.306,40.306,22.829,25.075,20.700,22.128,21.129,23.902,20.707,21.866,15.542,44.121,2.867,2.063,2.094,5.308,2.299,2.365,1.854,1.823,6.408,1.465,2.036,1.336,1.791,1.926,1.303,12.701,17.027,4.208,50.349,24.948,23.805,12.486,75.548,42.487,3.496,10.175,5.526,11.424,2.739,48.921,3.326,36.634,13.556,8.513,55.228,34.606,23.117,23.117,23.117,36.067,22.782,22.774,22.723,6.020,17.100,9.185,54.540,54.540,54.540,54.540,54.540,54.540,54.540,54.540,54.540,54.540,54.540,54.540,54.540,18.287,54.511,45.172,12.554,16.600,23.526,12.483,12.714,3.084,13.047,4.585,29.253,10.101,6.582,5.421,22.626,22.726,33.574,33.818,16.159,25.174,21.347,15.737,19.907,13.128,15.564,15.564,28.956,19.195,19.195,12.244,13.923,13.177,19.472,15.085,54.540,54.540,54.540,54.540,54.540,54.540
NODE_171_length_9543_cov_31.7 - cas_IIIA translation,19.168,29.285,29.285,28.870,29.174,29.285,28.817,29.202,29.229,29.317,29.317,90.873,29.205,29.261,90.939,95.018,73.231,90.939,90.873,94.753,95.018,25.007,87.832,87.832,87.832,87.832,87.832,77.018,99.834,,99.967,99.967,99.967,99.967,99.967,99.900,99.900,99.900,57.502,29.218,29.218,27.126,29.289,29.261,29.057,29.177,29.218,24.130,36.088,29.246,25.116,41.908,29.355,25.141,33.189,40.273,40.239,40.239,22.829,25.075,20.700,22.128,21.129,23.837,20.707,21.866,15.574,44.048,2.932,2.063,2.094,5.338,2.332,2.397,1.854,1.823,6.408,1.465,2.036,1.336,1.791,1.926,1.303,12.767,17.060,4.208,50.448,24.948,23.740,12.463,75.574,42.420,3.496,10.175,5.526,11.424,2.739,49.020,3.326,36.634,13.584,8.513,55.159,34.540,23.117,23.117,23.117,36.105,22.756,22.748,22.697,6.020,17.138,9.185,54.425,54.425,54.425,54.425,54.425,54.425,54.425,54.425,54.425,54.425,54.425,54.425,54.425,18.314,54.396,45.056,12.554,16.629,23.464,12.483,12.779,3.057,13.047,4.559,29.281,10.129,6.556,5.450,22.600,22.699,33.604,33.848,16.190,25.146,21.347,15.765,19.874,13.177,15.611,15.611,29.029,19.168,19.168,12.294,13.974,13.227,19.442,15.055,54.425,54.425,54.425,54.425,54.425,54.425
NODE_143_length_9720_cov_156.8 - cas_IIIA translation,19.168,29.285,29.285,28.870,29.174,29.285,28.817,29.202,29.229,29.317,29.317,90.906,29.205,29.261,90.972,95.051,73.265,90.972,90.906,94.786,95.051,25.007,87.865,87.865,87.865,87.865,87.865,77.051,99.867,99.967,,100.000,100.000,100.000,100.000,99.933,99.933,99.933,57.534,29.218,29.218,27.126,29.289,29.261,29.057,29.177,29.218,24.130,36.116,29.246,25.116,41.941,29.388,25.141,33.222,40.306,40.273,40.273,22.829,25.075,20.700,22.128,21.129,23.870,20.707,21.866,15.542,44.084,2.900,2.063,2.094,5.338,2.332,2.397,1.854,1.823,6.408,1.465,2.036,1.336,1.791,1.926,1.303,12.734,17.060,4.208,50.448,24.948,23.773,12.463,75.601,42.420,3.496,10.175,5.526,11.424,2.739,49.020,3.326,36.677,13.584,8.513,55.194,34.573,23.117,23.117,23.117,36.105,22.756,22.748,22.697,6.020,17.100,9.185,54.454,54.454,54.454,54.454,54.454,54.454,54.454,54.454,54.454,54.454,54.454,54.454,54.454,18.314,54.425,45.085,12.554,16.629,23.495,12.483,12.746,3.057,13.047,4.559,29.281,10.129,6.556,5.450,22.600,22.671,33.574,33.818,16.159,25.146,21.319,15.737,19.874,13.153,15.588,15.588,29.005,19.168,19.168,12.269,13.949,13.202,19.442,15.055,54.454,54.454,54.454,54.454,54.454,54.454
NODE_450_length_9718_cov_62.9 - cas_IIIA translation,19.168,29.285,29.285,28.870,29.174,29.285,28.817,29.202,29.229,29.317,29.317,90.906,29.205,29.261,90.972,95.051,73.265,90.972,90.906,94.786,95.051,25.007,87.865,87.865,87.865,87.865,87.865,77.051,99.867,99.967,100.000,,100.000,100.000,100.000,99.933,99.933,99.933,57.534,29.218,29.218,27.126,29.289,29.261,29.057,29.177,29.218,24.130,36.116,29.246,25.116,41.941,29.388,25.141,33.222,40.306,40.273,40.273,22.829,25.075,20.700,22.128,21.129,23.870,20.707,21.866,15.542,44.084,2.900,2.063,2.094,5.338,2.332,2.397,1.854,1.823,6.408,1.465,2.036,1.336,1.791,1.926,1.303,12.734,17.060,4.208,50.448,24.948,23.773,12.463,75.601,42.420,3.496,10.175,5.526,11.424,2.739,49.020,3.326,36.677,13.584,8.513,55.194,34.573,23.117,23.117,23.117,36.105,22.756,22.748,22.697,6.020,17.100,9.185,54.454,54.454,54.454,54.454,54.454,54.454,54.454,54.454,54.454,54.454,54.454,54.454,54.454,18.314,54.425,45.085,12.554,16.629,23.495,12.483,12.746,3.057,13.047,4.559,29.281,10.129,6.556,5.450,22.600,22.671,33.574,33.818,16.159,25.146,21.319,15.737,19.874,13.153,15.588,15.588,29.005,19.168,19.168,12.269,13.949,13.202,19.442,15.055,54.454,54.454,54.454,54.454,54.454,54.454
NODE_244_length_9704_cov_53.9 - cas_IIIA translation,19.168,29.285,29.285,28.870,29.174,29.285,28.817,29.202,29.229,29.317,29.317,90.906,29.205,29.261,90.972,95.051,73.265,90.972,90.906,94.786,95.051,25.007,87.865,87.865,87.865,87.865,87.865,77.051,99.867,99.967,100.000,100.000,,100.000,100.000,99.933,99.933,99.933,57.534,29.218,29.218,27.126,29.289,29.261,29.057,29.177,29.218,24.130,36.116,29.246,25.116,41.941,29.388,25.141,33.222,40.306,40.273,40.273,22.829,25.075,20.700,22.128,21.129,23.870,20.707,21.866,15.542,44.084,2.900,2.063,2.094,5.338,2.332,2.397,1.854,1.823,6.408,1.465,2.036,1.336,1.791,1.926,1.303,12.734,17.060,4.208,50.448,24.948,23.773,12.463,75.601,42.420,3.496,10.175,5.526,11.424,2.739,49.020,3.326,36.677,13.584,8.513,55.194,34.573,23.117,23.117,23.117,36.105,22.756,22.748,22.697,6.020,17.100,9.185,54.454,54.454,54.454,54.454,54.454,54.454,54.454,54.454,54.454,54.454,54.454,54.454,54.454,18.314,54.425,45.085,12.554,16.629,23.495,12.483,12.746,3.057,13.047,4.559,29.281,10.129,6.556,5.450,22.600,22.671,33.574,33.818,16.159,25.146,21.319,15.737,19.874,13.153,15.588,15.588,29.005,19.168,19.168,12.269,13.949,13.202,19.442,15.055,54.454,54.454,54.454,54.454,54.454,54.454
NODE_799_length_10197_cov_85.7 - cas_IIIA translation,19.168,29.285,29.285,28.870,29.174,29.285,28.817,29.202,29.229,29.317,29.317,90.906,29.205,29.261,90.972,95.051,73.265,90.972,90.906,94.786,95.051,25.007,87.865,87.865,87.865,87.865,87.865,77.051,99.867,99.967,100.000,100.000,100.000,,100.000,99.933,99.933,99.933,57.534,29.218,29.218,27.126,29.289,29.261,29.057,29.177,29.218,24.130,36.116,29.246,25.116,41.941,29.388,25.141,33.222,40.306,40.273,40.273,22.829,25.075,20.700,22.128,21.129,23.870,20.707,21.866,15.542,44.084,2.900,2.063,2.094,5.338,2.332,2.397,1.854,1.823,6.408,1.465,2.036,1.336,1.791,1.926,1.303,12.734,17.060,4.208,50.448,24.948,23.773,12.463,75.601,42.420,3.496,10.175,5.526,11.424,2.739,49.020,3.326,36.677,13.584,8.513,55.194,34.573,23.117,23.117,23.117,36.105,22.756,22.748,22.697,6.020,17.100,9.185,54.454,54.454,54.454,54.454,54.454,54.454,54.454,54.454,54.454,54.454,54.454,54.454,54.454,18.314,54.425,45.085,12.554,16.629,23.495,12.483,12.746,3.057,13.047,4.559,29.281,10.129,6.556,5.450,22.600,22.671,33.574,33.818,16.159,25.146,21.319,15.737,19.874,13.153,15.588,15.588,29.005,19.168,19.168,12.269,13.949,13.202,19.442,15.055,54.454,54.454,54.454,54.454,54.454,54.454
NODE_124_length_10570_cov_209.1 - cas_IIIA translation,19.168,29.285,29.285,28.870,29.174,29.285,28.817,29.202,29.229,29.317,29.317,90.906,29.205,29.261,90.972,95.051,73.265,90.972,90.906,94.786,95.051,25.007,87.865,87.865,87.865,87.865,87.865,77.051,99.867,99.967,100.000,100.000,100.000,100.000,,99.933,99.933,99.933,57.534,29.218,29.218,27.126,29.289,29.261,29.057,29.177,29.218,24.130,36.116,29.246,25.116,41.941,29.388,25.141,33.222,40.306,40.273,40.273,22.829,25.075,20.700,22.128,21.129,23.870,20.707,21.866,15.542,44.084,2.900,2.063,2.094,5.338,2.332,2.397,1.854,1.823,6.408,1.465,2.036,1.336,1.791,1.926,1.303,12.734,17.060,4.208,50.448,24.948,23.773,12.463,75.601,42.420,3.496,10.175,5.526,11.424,2.739,49.020,3.326,36.677,13.584,8.513,55.194,34.573,23.117,23.117,23.117,36.105,22.756,22.748,22.697,6.020,17.100,9.185,54.454,54.454,54.454,54.454,54.454,54.454,54.454,54.454,54.454,54.454,54.454,54.454,54.454,18.314,54.425,45.085,12.554,16.629,23.495,12.483,12.746,3.057,13.047,4.559,29.281,10.129,6.556,5.450,22.600,22.671,33.574,33.818,16.159,25.146,21.319,15.737,19.874,13.153,15.588,15.588,29.005,19.168,19.168,12.269,13.949,13.202,19.442,15.055,54.454,54.454,54.454,54.454,54.454,54.454
NODE_251_length_9660_cov_38.8 - cas_IIIA translation,19.192,29.285,29.285,28.870,29.174,29.285,28.817,29.202,29.229,29.317,29.317,90.972,29.205,29.261,91.039,95.051,73.331,91.039,90.972,94.786,95.051,25.007,87.898,87.898,87.898,87.898,87.898,77.084,99.867,99.900,99.933,99.933,99.933,99.933,99.933,,100.000,100.000,57.565,29.218,29.218,27.126,29.289,29.261,29.057,29.177,29.218,24.130,36.171,29.246,25.116,41.974,29.422,25.141,33.256,40.306,40.273,40.273,22.829,25.075,20.731,22.158,21.161,23.934,20.737,21.895,15.542,44.121,2.867,2.063,2.094,5.338,2.299,2.365,1.854,1.823,6.408,1.465,2.036,1.336,1.791,1.926,1.303,12.701,17.060,4.208,50.448,24.948,23.837,12.463,75.601,42.420,3.496,10.175,5.526,11.424,2.739,49.020,3.326,36.634,13.584,8.513,55.194,34.640,23.145,23.145,23.145,36.105,22.756,22.748,22.697,6.020,17.100,9.185,54.511,54.511,54.511,54.511,54.511,54.511,54.511,54.511,54.511,54.511,54.511,54.511,54.511,18.314,54.483,45.143,12.554,16.629,23.557,12.483,12.714,3.057,13.047,4.559,29.281,10.129,6.556,5.450,22.600,22.671,33.574,33.818,16.159,25.146,21.319,15.737,19.907,13.128,15.564,15.564,28.981,19.195,19.195,12.244,13.923,13.177,19.472,15.055,54.511,54.511,54.511,54.511,54.511,54.511
NODE_126_length_10010_cov_158.4 - cas_IIIA translation,19.192,29.285,29.285,28.870,29.174,29.285,28.817,29.202,29.229,29.317,29.317,90.972,29.205,29.261,91.039,95.051,73.331,91.039,90.972,94.786,95.051,25.007,87.898,87.898,87.898,87.898,87.898,77.084,99.867,99.900,99.933,99.933,99.933,99.933,99.933,100.000,,100.000,57.565,29.218,29.218,27.126,29.289,29.261,29.057,29.177,29.218,24.130,36.171,29.246,25.116,41.974,29.422,25.141,33.256,40.306,40.273,40.273,22.829,25.075,20.731,22.158,21.161,23.934,20.737,21.895,15.542,44.121,2.867,2.063,2.094,5.338,2.299,2.365,1.854,1.823,6.408,1.465,2.036,1.336,1.791,1.926,1.303,12.701,17.060,4.208,50.448,24.948,23.837,12.463,75.601,42.420,3.496,10.175,5.526,11.424,2.739,49.020,3.326,36.634,13.584,8.513,55.194,34.640,23.145,23.145,23.145,36.105,22.756,22.748,22.697,6.020,17.100,9.185,54.511,54.511,54.511,54.511,54.511,54.511,54.511,54.511,54.511,54.511,54.511,54.511,54.511,18.314,54.483,45.143,12.554,16.629,23.557,12.483,12.714,3.057,13.047,4.559,29.281,10.129,6.556,5.450,22.600,22.671,33.574,33.818,16.159,25.146,21.319,15.737,19.907,13.128,15.564,15.564,28.981,19.195,19.195,12.244,13.923,13.177,19.472,15.055,54.511,54.511,54.511,54.511,54.511,54.511
NODE_308_length_10215_cov_401.5 - cas_IIIA translation,19.192,29.285,29.285,28.870,29.174,29.285,28.817,29.202,29.229,29.317,29.317,90.972,29.205,29.261,91.039,95.051,73.331,91.039,90.972,94.786,95.051,25.007,87.898,87.898,87.898,87.898,87.898,77.084,99.867,99.900,99.933,99.933,99.933,99.933,99.933,100.000,100.000,,57.565,29.218,29.218,27.126,29.289,29.261,29.057,29.177,29.218,24.130,36.171,29.246,25.116,41.974,29.422,25.141,33.256,40.306,40.273,40.273,22.829,25.075,20.731,22.158,21.161,23.934,20.737,21.895,15.542,44.121,2.867,2.063,2.094,5.338,2.299,2.365,1.854,1.823,6.408,1.465,2.036,1.336,1.791,1.926,1.303,12.701,17.060,4.208,50.448,24.948,23.837,12.463,75.601,42.420,3.496,10.175,5.526,11.424,2.739,49.020,3.326,36.634,13.584,8.513,55.194,34.640,23.145,23.145,23.145,36.105,22.756,22.748,22.697,6.020,17.100,9.185,54.511,54.511,54.511,54.511,54.511,54.511,54.511,54.511,54.511,54.511,54.511,54.511,54.511,18.314,54.483,45.143,12.554,16.629,23.557,12.483,12.714,3.057,13.047,4.559,29.281,10.129,6.556,5.450,22.600,22.671,33.574,33.818,16.159,25.146,21.319,15.737,19.907,13.128,15.564,15.564,28.981,19.195,19.195,12.244,13.923,13.177,19.472,15.055,54.511,54.511,54.511,54.511,54.511,54.511
NODE_515_length_9524_cov_28.4 - cas_IIIA translation,16.385,29.865,29.921,29.896,29.837,29.865,29.812,29.837,29.753,29.840,29.840,57.071,29.727,29.756,57.120,57.610,43.333,57.120,57.071,57.516,57.484,27.393,51.743,51.743,51.743,51.743,51.743,44.465,57.565,57.502,57.534,57.534,57.534,57.534,57.534,57.565,57.565,57.565,,29.713,29.713,27.661,29.840,29.840,29.803,29.840,29.882,25.374,32.588,29.769,25.174,51.031,35.539,25.198,27.252,33.300,33.367,33.367,23.098,27.351,20.940,21.115,21.445,22.925,20.977,20.655,15.475,37.832,2.470,2.142,2.173,5.610,2.133,2.133,1.854,1.823,6.273,1.302,1.944,1.271,1.693,1.829,1.238,9.056,5.402,6.465,22.554,27.332,22.861,12.659,46.335,33.249,3.133,12.611,6.767,11.077,5.643,21.422,5.709,29.647,13.684,8.577,100.000,35.292,21.647,21.647,21.647,25.684,23.367,23.385,23.360,6.480,16.648,9.855,35.571,35.571,35.571,35.571,35.571,35.571,35.571,35.571,35.571,35.571,35.571,35.571,35.571,18.440,35.543,28.999,14.140,16.534,23.431,12.413,9.065,3.068,13.007,4.549,29.747,10.457,6.783,5.722,23.185,20.883,34.900,34.498,16.124,27.298,17.706,16.072,20.331,12.580,13.790,13.790,23.115,19.010,19.010,11.721,12.437,12.629,19.951,18.054,35.571,35.571,35.571,35.571,35.571,35.571
NODE_636_length_10125_cov_375.7 - cas_IIIA translation,23.169,98.024,97.924,86.671,98.024,97.790,86.584,98.125,97.589,97.993,97.993,28.930,98.026,98.126,28.994,29.254,25.696,28.994,28.930,29.254,29.254,61.927,24.805,24.805,24.805,24.805,24.805,24.214,29.190,29.218,29.218,29.218,29.218,29.218,29.218,29.218,29.218,29.218,29.713,,100.000,97.681,97.825,98.193,97.826,98.260,98.928,71.177,22.572,99.062,40.181,26.328,22.137,39.478,20.007,25.149,25.182,25.182,36.752,61.997,22.514,22.356,19.289,21.779,22.489,23.212,20.204,21.798,2.775,3.623,3.656,10.500,1.964,1.997,5.828,5.894,7.592,1.706,2.687,1.675,2.068,2.328,1.610,4.471,1.356,12.612,7.384,61.827,21.490,12.196,24.018,7.378,7.669,44.763,13.757,13.674,9.696,6.990,13.512,14.363,67.478,4.602,26.361,25.713,33.201,33.201,33.201,17.970,30.510,30.454,30.427,12.389,25.668,18.661,28.034,28.034,28.034,28.034,28.034,28.034,28.034,28.034,28.034,28.034,28.034,28.034,28.034,72.446,28.034,27.472,11.979,13.419,24.071,8.893,4.444,5.007,35.152,5.297,98.495,62.395,5.579,10.582,30.334,30.067,22.386,24.469,20.848,27.435,23.676,22.982,17.938,8.696,13.141,13.141,11.940,19.222,19.222,8.761,7.885,8.623,17.945,10.010,28.034,28.034,28.034,28.034,28.034,28.034
NODE_580_length_10299_cov_191.8 - cas_IIIA translation,23.169,98.024,97.924,86.671,98.024,97.790,86.584,98.125,97.589,97.993,97.993,28.930,98.026,98.126,28.994,29.254,25.696,28.994,28.930,29.254,29.254,61.927,24.805,24.805,24.805,24.805,24.805,24.214,29.190,29.218,29.218,29.218,29.218,29.218,29.218,29.218,29.218,29.218,29.713,100.000,,97.681,97.825,98.193,97.826,98.260,98.928,71.177,22.572,99.062,40.181,26.328,22.137,39.478,20.007,25.149,25.182,25.182,36.752,61.997,22.514,22.356,19.289,21.779,22.489,23.212,20.204,21.798,2.775,3.623,3.656,10.500,1.964,1.997,5.828,5.894,7.592,1.706,2.687,1.675,2.068,2.328,1.610,4.471,1.356,12.612,7.384,61.827,21.490,12.196,24.018,7.378,7.669,44.763,13.757,13.674,9.696,6.990,13.512,14.363,67.478,4.602,26.361,25.713,33.201,33.201,33.201,17.970,30.510,30.454,30.427,12.389,25.668,18.661,28.034,28.034,28.034,28.034,28.034,28.034,28.034,28.034,28.034,28.034,28.034,28.034,28.034,72.446,28.034,27.472,11.979,13.419,24.071,8.893,4.444,5.007,35.152,5.297,98.495,62.395,5.579,10.582,30.334,30.067,22.386,24.469,20.848,27.435,23.676,22.982,17.938,8.696,13.141,13.141,11.940,19.222,19.222,8.761,7.885,8.623,17.945,10.010,28.034,28.034,28.034,28.034,28.034,28.034
NODE_219_length_8853_cov_26.0 - cas_IIIA translation,21.679,98.288,98.573,86.657,98.359,98.573,86.586,98.216,98.323,98.646,98.646,26.824,98.965,99.429,26.979,27.163,23.349,26.979,26.824,27.192,27.192,60.742,26.212,26.212,26.212,26.212,26.212,25.595,27.096,27.126,27.126,27.126,27.126,27.126,27.126,27.126,27.126,27.126,27.661,97.681,97.681,,99.572,98.359,97.967,98.537,98.181,70.210,20.362,98.359,35.462,23.667,19.032,36.331,21.250,22.309,22.309,22.309,36.068,58.937,19.497,19.444,16.003,18.794,19.470,20.353,18.831,21.936,2.882,3.837,3.873,10.458,1.984,2.019,6.202,6.237,7.870,1.746,2.853,1.783,2.200,2.477,1.713,4.636,1.371,13.319,7.813,59.722,18.450,8.122,22.089,7.896,8.105,44.516,14.550,14.339,10.386,7.398,14.330,14.458,71.652,4.858,26.472,22.979,30.989,30.989,30.989,17.913,26.561,26.527,26.498,12.121,25.442,18.432,25.879,25.879,25.879,25.879,25.879,25.879,25.879,25.879,25.879,25.879,25.879,25.879,25.879,69.848,25.879,25.231,12.619,14.047,21.204,9.245,4.641,5.292,35.668,5.580,97.791,66.512,5.877,10.444,26.410,28.740,20.820,22.994,18.831,26.065,22.004,21.131,15.178,8.372,13.146,13.146,11.856,16.898,16.898,8.464,8.208,8.320,15.306,10.725,25.879,25.879,25.879,25.879,25.879,25.879
NODE_98_length_14580_cov_111.8 - cas_IIIA translation,23.041,98.595,98.862,87.688,98.394,98.862,87.554,98.494,98.628,98.930,98.930,28.974,98.996,99.331,29.121,29.297,25.774,29.121,28.974,29.325,29.325,63.286,24.854,24.854,24.854,24.854,24.854,24.265,29.261,29.289,29.289,29.289,29.289,29.289,29.289,29.289,29.289,29.289,29.840,97.825,97.825,99.572,,98.394,98.060,98.561,98.227,71.617,22.670,98.628,39.478,26.414,22.134,40.328,20.040,25.207,25.207,25.207,37.277,61.459,22.460,22.304,19.206,21.758,22.435,23.160,20.217,21.936,2.771,3.651,3.685,10.610,1.994,2.027,5.923,5.955,7.582,1.738,2.717,1.707,2.099,2.359,1.641,4.435,1.323,12.691,7.376,62.329,21.436,12.190,24.060,7.511,7.720,44.516,13.771,13.635,9.788,6.982,13.568,14.458,67.322,4.596,26.472,25.836,33.170,33.170,33.170,17.876,30.243,30.186,30.159,12.121,25.442,18.432,28.067,28.067,28.067,28.067,28.067,28.067,28.067,28.067,28.067,28.067,28.067,28.067,28.067,71.567,28.067,27.506,11.994,13.432,24.047,8.881,4.439,5.034,35.668,5.321,97.962,62.312,5.603,10.692,30.067,30.070,22.464,24.601,20.860,27.497,23.714,22.992,17.887,8.691,13.135,13.135,11.890,19.094,19.094,8.756,7.881,8.619,17.835,10.124,28.067,28.067,28.067,28.067,28.067,28.067
NODE_253_length_12202_cov_341.5 - cas_IIIA translation,22.966,98.394,98.394,87.153,98.695,97.926,87.186,97.926,97.859,97.928,97.928,28.918,98.662,98.528,29.093,29.269,25.803,29.093,28.918,29.325,29.325,62.462,24.854,24.854,24.854,24.854,24.854,24.265,29.233,29.261,29.261,29.261,29.261,29.261,29.261,29.261,29.261,29.261,29.840,98.193,98.193,98.359,98.394,,98.829,98.929,98.528,72.296,22.644,97.993,39.545,26.447,22.134,39.980,20.073,25.240,25.207,25.207,37.137,61.693,22.364,22.181,19.109,21.791,22.339,23.037,20.184,21.936,2.737,3.589,3.623,10.546,1.928,1.961,5.823,5.855,7.479,1.672,2.653,1.641,2.033,2.293,1.575,4.403,1.323,12.601,7.346,62.228,21.469,12.140,24.037,7.424,7.718,45.010,13.797,13.635,9.720,6.952,13.499,14.499,67.965,4.562,26.472,25.836,33.017,33.017,33.017,17.839,30.323,30.267,30.240,12.163,25.479,18.467,28.039,28.039,28.039,28.039,28.039,28.039,28.039,28.039,28.039,28.039,28.039,28.039,28.039,72.035,28.039,27.477,11.903,13.372,24.080,8.780,4.407,4.974,35.668,5.265,98.096,62.993,5.546,10.628,30.148,30.012,22.437,24.545,20.828,27.469,23.685,22.992,17.820,8.716,13.135,13.135,11.935,19.122,19.122,8.781,7.906,8.643,17.804,10.025,28.039,28.039,28.039,28.039,28.039,28.039
NODE_318_length_12640_cov_31.7 - cas_IIIA translation,22.991,98.094,98.161,86.957,98.294,97.960,87.258,97.893,97.725,97.928,97.928,28.854,98.094,98.194,28.946,29.093,25.566,28.946,28.854,29.121,29.121,62.007,24.708,24.708,24.708,24.708,24.708,24.115,29.030,29.057,29.057,29.057,29.057,29.057,29.057,29.057,29.057,29.057,29.803,97.826,97.826,97.967,98.060,98.829,,98.595,98.194,72.635,22.537,97.826,39.411,26.382,22.101,39.679,19.874,24.975,24.975,24.975,37.032,61.258,22.460,22.267,19.270,21.725,22.435,23.122,20.184,21.794,2.770,3.618,3.652,10.483,1.961,1.993,5.823,5.855,7.613,1.704,2.685,1.674,2.066,2.326,1.608,4.432,1.322,12.597,7.372,61.973,21.403,12.137,23.894,7.450,7.715,45.136,13.762,13.604,9.684,6.978,13.494,14.375,67.676,4.659,26.464,25.704,33.099,33.099,33.099,17.906,30.127,30.178,30.151,12.079,25.291,18.356,27.982,27.982,27.982,27.982,27.982,27.982,27.982,27.982,27.982,27.982,27.982,27.982,27.982,71.669,27.982,27.418,12.045,13.508,23.982,8.911,4.436,5.001,35.452,5.291,97.963,62.671,5.572,10.565,30.005,30.032,22.431,24.594,20.828,27.461,23.678,22.985,17.920,8.691,13.132,13.132,11.932,19.173,19.173,8.756,7.879,8.619,17.866,10.022,27.982,27.982,27.982,27.982,27.982,27.982
NODE_31_length_49890_cov_73.4 - cas_IIIA translation,22.972,98.361,98.361,87.053,98.762,98.294,87.421,98.428,98.193,98.329,98.329,28.918,99.063,98.494,29.066,29.213,25.688,29.066,28.918,29.241,29.213,62.496,24.770,24.770,24.770,24.770,24.770,24.179,29.149,29.177,29.177,29.177,29.177,29.177,29.177,29.177,29.177,29.177,29.840,98.260,98.260,98.537,98.561,98.929,98.595,,99.264,72.015,22.619,98.160,39.525,26.488,22.207,39.960,19.980,25.116,25.149,25.149,37.185,61.714,22.371,22.212,19.148,21.732,22.347,23.067,20.158,21.908,2.771,3.619,3.653,10.486,1.961,1.994,5.825,5.857,7.582,1.705,2.686,1.674,2.066,2.326,1.609,4.464,1.323,12.601,7.346,62.262,21.410,12.140,23.991,7.396,7.690,44.862,13.766,13.608,9.687,6.952,13.499,14.422,67.965,4.596,26.472,25.845,33.079,33.079,33.079,17.839,30.216,30.159,30.132,12.042,25.564,18.432,27.990,27.990,27.990,27.990,27.990,27.990,27.990,27.990,27.990,27.990,27.990,27.990,27.990,71.941,27.990,27.426,12.020,13.483,24.022,8.881,4.468,5.003,35.640,5.292,98.296,62.993,5.574,10.568,30.040,30.012,22.301,24.435,20.803,27.355,23.656,22.960,17.992,8.669,13.068,13.068,11.890,19.290,19.290,8.734,7.857,8.597,17.934,9.994,27.990,27.990,27.990,27.990,27.990,27.990
NODE_941_length_11292_cov_60.4 - cas_IIIA translation,23.044,98.526,98.560,87.240,98.895,98.359,87.153,98.493,98.058,98.428,98.428,29.014,98.662,98.160,29.106,29.254,25.754,29.106,29.014,29.282,29.282,62.161,24.805,24.805,24.805,24.805,24.805,24.214,29.190,29.218,29.218,29.218,29.218,29.218,29.218,29.218,29.218,29.218,29.882,98.928,98.928,98.181,98.227,98.528,98.194,99.264,,71.617,22.622,98.827,39.980,26.522,22.237,39.645,20.007,25.182,25.182,25.182,36.857,62.064,22.514,22.356,19.289,21.878,22.489,23.212,20.204,21.939,2.775,3.592,3.626,10.500,1.964,1.997,5.730,5.763,7.692,1.640,2.656,1.643,2.035,2.295,1.577,4.471,1.325,12.525,7.356,61.994,21.556,12.149,24.018,7.378,7.669,45.059,13.788,13.646,9.598,6.962,13.415,14.405,68.079,4.667,26.513,25.813,33.231,33.231,33.231,17.970,30.375,30.319,30.292,12.221,25.668,18.521,28.120,28.120,28.120,28.120,28.120,28.120,28.120,28.120,28.120,28.120,28.120,28.120,28.120,72.102,28.120,27.559,12.125,13.558,24.170,8.990,4.475,4.978,35.411,5.269,98.395,63.065,5.551,10.582,30.199,30.067,22.467,24.579,20.848,27.492,23.706,23.014,18.004,8.696,13.096,13.096,11.918,19.250,19.250,8.761,7.861,8.623,17.945,10.010,28.120,28.120,28.120,28.120,28.120,28.120
NODE_788_length_6824_cov_14.7 - cas_IIIA translation,16.435,71.651,71.685,79.939,71.719,71.448,80.091,71.244,71.031,71.477,71.477,23.841,71.550,71.550,23.935,24.116,29.570,23.935,23.841,24.174,24.174,83.540,20.463,20.463,20.463,20.463,20.463,22.527,24.130,24.130,24.130,24.130,24.130,24.130,24.130,24.130,24.130,24.130,25.374,71.177,71.177,70.210,71.617,72.296,72.635,72.015,71.617,,22.979,71.278,52.484,34.372,28.870,52.806,27.314,32.940,32.895,32.895,50.865,82.751,28.855,28.289,24.617,28.565,28.825,29.429,27.157,30.107,3.699,4.729,4.775,8.761,2.492,2.537,7.939,7.984,10.229,2.326,3.573,2.285,2.819,3.128,2.195,5.804,1.764,13.451,2.281,83.494,28.173,9.654,19.664,2.720,7.525,73.040,4.439,13.885,13.144,1.872,16.811,21.262,41.997,6.211,22.296,33.848,23.883,23.883,23.883,12.768,28.879,28.846,28.817,18.114,35.843,22.902,22.963,22.963,22.963,22.963,22.963,22.963,22.963,22.963,22.963,22.963,22.963,22.963,22.963,46.523,22.963,25.343,15.713,13.056,31.629,11.903,5.811,4.614,53.576,4.136,71.250,36.899,3.578,8.931,28.808,21.757,21.278,21.771,27.553,19.650,24.277,30.281,23.094,10.610,8.854,8.854,8.782,18.997,18.997,10.730,9.630,10.520,22.540,5.899,22.963,22.963,22.963,22.963,22.963,22.963
NODE_1008_length_10319_cov_114.6 - cas_IIIA translation,12.925,22.586,22.662,23.545,22.662,22.636,23.500,22.611,22.693,22.670,22.670,35.577,22.670,22.670,35.772,36.154,37.416,35.772,35.577,36.154,36.126,24.963,30.934,30.934,30.934,30.934,30.934,31.678,36.116,36.088,36.116,36.116,36.116,36.116,36.116,36.171,36.171,36.171,32.588,22.572,22.572,20.362,22.670,22.644,22.537,22.619,22.622,22.979,,22.597,25.191,35.831,30.389,25.248,27.798,33.942,33.975,33.975,23.114,25.000,21.232,21.366,21.592,22.717,21.207,21.028,15.387,30.197,2.632,2.284,2.343,4.989,2.064,2.031,2.069,2.038,6.377,1.400,1.944,1.337,1.824,1.958,1.304,5.380,3.234,3.792,7.059,24.903,22.699,7.247,29.755,6.241,2.826,10.051,1.886,7.521,3.665,6.780,3.688,20.919,8.333,4.197,28.248,43.879,19.835,19.835,19.835,11.858,16.178,16.142,16.118,6.023,16.995,9.003,21.685,21.685,21.685,21.685,21.685,21.685,21.685,21.685,21.685,21.685,21.685,21.685,21.685,12.747,21.685,21.827,9.714,15.131,21.983,8.020,5.417,2.662,12.711,2.634,22.639,5.283,2.680,5.039,16.112,14.879,19.792,19.989,16.099,15.693,15.269,15.450,20.317,9.056,9.261,9.261,10.509,17.735,17.735,8.820,8.961,9.056,19.582,3.559,21.685,21.685,21.685,21.685,21.685,21.685
NODE_184_length_9383_cov_88.1 - cas_IIIA translation,23.144,98.426,98.526,87.341,98.326,98.392,87.019,98.359,98.192,98.662,98.662,28.958,97.959,98.494,29.050,29.282,25.754,29.050,28.958,29.310,29.310,62.094,24.860,24.860,24.860,24.860,24.860,24.271,29.218,29.246,29.246,29.246,29.246,29.246,29.246,29.246,29.246,29.246,29.769,99.062,99.062,98.359,98.628,97.993,97.826,98.160,98.827,71.278,22.597,,40.214,26.328,22.104,39.445,20.007,25.149,25.149,25.149,36.717,61.830,22.450,22.325,19.225,21.746,22.425,23.181,20.237,21.798,2.742,3.592,3.626,10.531,1.964,1.997,5.763,5.796,7.659,1.640,2.656,1.643,2.035,2.295,1.577,4.410,1.356,12.554,7.441,61.693,21.457,12.172,24.041,7.491,7.669,44.763,13.788,13.674,9.631,7.046,13.415,14.363,67.478,4.667,26.421,25.713,33.170,33.170,33.170,17.858,30.483,30.427,30.400,12.347,25.706,18.626,28.063,28.063,28.063,28.063,28.063,28.063,28.063,28.063,28.063,28.063,28.063,28.063,28.063,71.915,28.063,27.501,12.096,13.530,24.038,8.958,4.414,4.978,35.108,5.269,98.094,62.395,5.551,10.613,30.307,30.097,22.495,24.634,20.880,27.492,23.706,23.014,17.905,8.720,13.163,13.163,11.918,19.110,19.110,8.785,7.909,8.647,17.852,10.105,28.063,28.063,28.063,28.063,28.063,28.063
NODE_9_length_20091_cov_94.2 - cas_IIIA translation,12.556,39.786,39.752,44.721,39.752,39.685,44.482,39.652,39.744,39.712,39.712,24.917,39.478,39.512,24.959,25.132,32.096,24.959,24.917,25.132,25.166,62.216,19.901,19.901,19.901,19.901,19.901,22.479,25.116,25.116,25.116,25.116,25.116,25.116,25.116,25.116,25.116,25.116,25.174,40.181,40.181,35.462,39.478,39.545,39.411,39.525,39.980,52.484,25.191,40.214,,49.128,54.228,97.844,49.026,61.607,61.607,61.607,97.765,62.778,36.665,31.825,45.392,46.603,36.626,30.202,30.570,43.701,6.747,3.170,3.277,7.316,4.695,4.773,3.030,3.030,18.973,4.028,3.992,4.044,4.984,4.726,3.883,4.337,0.058,1.670,0.035,62.269,48.187,9.938,19.968,0.034,1.268,25.806,0.292,8.010,2.352,0.036,2.082,33.759,9.273,6.394,20.733,57.014,22.724,22.724,22.724,9.359,31.826,31.726,31.693,49.831,78.261,24.986,20.351,20.351,20.351,20.351,20.351,20.351,20.351,20.351,20.351,20.351,20.351,20.351,20.351,17.307,20.351,22.789,9.686,7.669,37.864,15.036,4.343,2.630,60.523,2.355,39.766,4.015,1.757,7.488,31.643,16.550,20.728,20.754,31.352,17.023,18.602,25.618,43.841,11.923,8.602,8.602,8.576,21.317,21.317,12.071,9.491,11.769,34.651,0.983,20.351,20.351,20.351,20.351,20.351,20.351
NODE_1686_length_4947_cov_8.4 - cas_IIIA translation,13.249,26.408,26.440,29.597,26.440,26.440,29.529,26.343,26.511,26.414,26.414,41.719,26.414,26.382,41.766,41.946,53.472,41.766,41.719,41.946,41.847,40.780,35.776,35.776,35.776,35.776,35.776,40.351,41.941,41.908,41.941,41.941,41.941,41.941,41.941,41.974,41.974,41.974,51.031,26.328,26.328,23.667,26.414,26.447,26.382,26.488,26.522,34.372,35.831,26.328,49.128,,69.506,49.099,53.346,65.172,65.302,65.302,47.046,41.035,38.101,33.481,40.723,43.612,38.178,31.899,28.490,81.187,4.786,3.008,3.060,5.033,4.106,4.106,3.396,3.339,12.314,2.495,3.513,2.439,3.246,3.463,2.375,13.046,5.842,2.287,4.917,40.680,43.374,7.391,33.377,10.236,1.775,21.053,4.011,8.511,3.413,3.721,2.845,80.491,7.889,16.764,46.358,68.936,24.445,24.445,24.445,11.328,19.509,19.527,19.496,16.811,36.773,13.858,22.117,22.117,22.117,22.117,22.117,22.117,22.117,22.117,22.117,22.117,22.117,22.117,22.117,13.654,22.117,24.643,15.751,12.471,39.725,24.194,13.066,2.501,31.734,2.260,26.374,4.153,1.739,5.231,19.387,16.718,26.466,26.457,29.169,21.782,18.715,25.364,39.550,19.738,14.202,14.202,14.178,23.115,23.115,18.364,17.150,19.815,35.937,1.987,22.117,22.117,22.117,22.117,22.117,22.117
NODE_560_length_3426_cov_73.7 - cas_IIIA translation,12.636,22.156,22.189,24.953,22.189,22.189,24.888,22.090,22.211,22.167,22.167,29.216,22.134,22.134,29.226,29.435,37.399,29.226,29.216,29.369,29.302,34.719,23.250,23.250,23.250,23.250,23.250,26.223,29.388,29.355,29.388,29.388,29.388,29.388,29.388,29.422,29.422,29.422,35.539,22.137,22.137,19.032,22.134,22.134,22.101,22.207,22.237,28.870,30.389,22.104,54.228,69.506,,54.089,57.447,72.340,72.586,72.586,52.040,34.901,40.325,34.919,50.508,55.927,40.412,33.111,29.575,51.525,6.394,2.065,2.120,5.798,5.263,5.263,2.042,2.042,8.170,2.564,2.630,2.337,3.376,3.196,2.256,3.960,0.126,1.054,0.037,34.667,58.003,7.119,23.428,0.035,0.851,7.097,0.220,7.932,1.496,0.037,1.300,36.066,3.247,0.066,29.497,68.953,24.779,24.779,24.779,10.625,20.079,20.132,20.099,25.709,39.579,14.188,23.255,23.255,23.255,23.255,23.255,23.255,23.255,23.255,23.255,23.255,23.255,23.255,23.255,9.387,23.255,26.114,4.103,3.344,44.692,6.494,3.967,1.726,23.427,1.482,22.127,0.034,1.006,5.984,19.947,15.830,18.071,18.066,30.228,13.619,17.813,24.574,56.216,9.379,6.759,6.759,6.761,23.758,23.758,9.580,7.353,9.340,38.892,0.040,23.255,23.255,23.255,23.255,23.255,23.255
NODE_847_length_4371_cov_11.2 - cas_IIIA translation,12.460,39.779,39.846,44.821,39.846,39.779,44.821,39.545,39.872,39.739,39.739,24.942,40.328,40.295,25.050,25.157,32.113,25.050,24.942,25.157,25.190,63.569,19.901,19.901,19.901,19.901,19.901,22.474,25.141,25.141,25.141,25.141,25.141,25.141,25.141,25.141,25.141,25.141,25.198,39.478,39.478,36.331,40.328,39.980,39.679,39.960,39.645,52.806,25.248,39.445,97.844,49.099,54.089,,48.909,61.520,61.520,61.520,99.162,62.084,36.536,31.722,45.213,46.356,36.497,30.106,30.449,43.765,6.725,3.218,3.325,7.392,4.758,4.836,3.153,3.153,18.745,4.180,4.051,4.117,5.055,4.794,3.956,4.328,0.058,1.734,0.035,62.955,47.928,9.932,19.995,0.033,1.300,24.946,0.291,7.938,2.451,0.035,2.163,33.679,9.194,6.246,20.732,57.025,22.660,22.660,22.660,9.345,31.500,31.400,31.367,48.567,77.107,24.604,20.268,20.268,20.268,20.268,20.268,20.268,20.268,20.268,20.268,20.268,20.268,20.268,20.268,17.135,20.268,22.693,9.583,7.592,37.678,14.866,4.334,2.670,61.137,2.390,39.793,4.009,1.790,7.564,31.317,16.502,20.661,20.687,31.235,17.039,18.546,25.531,43.654,11.875,8.569,8.569,8.544,21.217,21.217,12.022,9.447,11.722,34.464,0.981,20.268,20.268,20.268,20.268,20.268,20.268
NODE_244_length_3495_cov_56.2 - cas_IIIA translation,10.275,19.993,19.993,22.446,19.993,19.993,22.346,19.894,20.007,19.974,19.974,31.086,20.040,20.040,31.163,33.034,42.076,31.163,31.086,33.067,32.968,31.360,35.714,35.714,35.714,35.714,35.714,40.861,33.256,33.189,33.222,33.222,33.222,33.222,33.222,33.256,33.256,33.256,27.252,20.007,20.007,21.250,20.040,20.073,19.874,19.980,20.007,27.314,27.798,20.007,49.026,53.346,57.447,48.909,,81.736,81.654,81.654,54.389,31.576,31.457,27.311,38.982,40.535,31.476,25.920,24.890,70.266,8.285,3.120,3.184,4.019,5.709,5.893,2.853,2.853,18.367,4.059,3.974,3.839,5.135,5.004,3.742,4.971,0.066,1.532,0.038,31.256,41.897,3.198,26.288,0.036,1.349,17.489,0.227,8.583,2.384,0.038,1.937,62.646,6.751,5.598,28.504,63.150,19.515,19.515,19.515,11.450,14.885,14.834,14.802,23.762,50.996,13.822,17.810,17.810,17.810,17.810,17.810,17.810,17.810,17.810,17.810,17.810,17.810,17.810,17.810,7.742,17.810,19.936,8.818,6.729,33.000,14.063,4.980,2.499,33.837,2.258,20.000,2.720,1.587,3.956,14.796,12.691,17.411,17.438,23.939,12.941,14.265,19.585,38.368,12.045,8.649,8.649,8.624,18.859,18.859,12.440,11.997,12.124,30.641,1.362,17.810,17.810,17.810,17.810,17.810,17.810
NODE_393_length_3725_cov_26.7 - cas_IIIA translation,13.085,25.166,25.166,28.262,25.166,25.133,28.119,25.000,25.200,25.141,25.141,38.260,25.207,25.207,38.339,40.179,51.314,38.339,38.260,40.213,40.246,39.460,33.013,33.013,33.013,33.013,33.013,37.257,40.339,40.273,40.306,40.306,40.306,40.306,40.306,40.306,40.306,40.306,33.300,25.149,25.149,22.309,25.207,25.240,24.975,25.116,25.182,32.940,33.942,25.149,61.607,65.172,72.340,61.520,81.736,,99.263,99.263,59.819,39.666,40.392,35.069,50.076,53.324,40.416,33.283,30.372,70.188,7.046,2.782,2.838,5.273,5.148,5.304,2.556,2.556,15.824,3.499,3.442,3.198,4.280,4.213,3.118,4.534,0.058,1.464,0.035,39.304,55.116,7.630,31.968,0.033,1.260,17.382,0.248,7.994,2.126,0.035,1.817,62.529,6.625,4.818,28.504,77.091,25.047,25.047,25.047,11.450,19.955,19.909,19.876,23.762,50.664,13.822,23.429,23.429,23.429,23.429,23.429,23.429,23.429,23.429,23.429,23.429,23.429,23.429,23.429,12.605,23.429,26.215,8.073,6.453,43.412,12.589,4.541,2.277,33.721,2.082,25.166,2.527,1.471,5.448,19.857,16.423,21.213,21.239,30.978,16.630,18.455,25.345,48.788,13.475,9.711,9.711,9.685,23.764,23.764,13.861,11.144,13.514,38.594,1.249,23.429,23.429,23.429,23.429,23.429,23.429
NODE_387_length_4051_cov_42.2 - cas_IIIA translation,13.138,25.166,25.166,28.262,25.166,25.166,28.156,25.033,25.200,25.141,25.141,38.426,25.207,25.207,38.372,40.479,51.271,38.372,38.426,40.312,40.213,39.460,32.979,32.979,32.979,32.979,32.979,37.220,40.306,40.239,40.273,40.273,40.273,40.273,40.273,40.273,40.273,40.273,33.367,25.182,25.182,22.309,25.207,25.207,24.975,25.149,25.182,32.895,33.975,25.149,61.607,65.302,72.586,61.520,81.654,99.263,,100.000,59.819,39.614,40.392,35.069,50.076,53.324,40.416,33.283,30.309,70.266,7.046,2.782,2.838,5.180,5.070,5.226,2.556,2.556,15.742,3.499,3.442,3.198,4.280,4.213,3.118,4.534,0.058,1.464,0.035,39.356,55.116,7.574,32.206,0.033,1.260,17.382,0.248,8.026,2.126,0.035,1.817,62.295,6.625,4.753,28.540,77.167,25.047,25.047,25.047,11.550,19.955,19.909,19.876,23.762,50.885,13.878,23.429,23.429,23.429,23.429,23.429,23.429,23.429,23.429,23.429,23.429,23.429,23.429,23.429,12.543,23.429,26.215,8.031,6.419,43.412,12.524,4.541,2.277,33.605,2.082,25.166,2.493,1.471,5.355,19.857,16.391,21.180,21.206,30.918,16.598,18.419,25.296,48.869,13.320,9.599,9.599,9.574,23.802,23.802,13.703,10.997,13.359,38.656,1.249,23.429,23.429,23.429,23.429,23.429,23.429
NODE_1014_length_4102_cov_21.7 - cas_IIIA translation,13.138,25.166,25.166,28.262,25.166,25.166,28.156,25.033,25.200,25.141,25.141,38.426,25.207,25.207,38.372,40.479,51.271,38.372,38.426,40.312,40.213,39.460,32.979,32.979,32.979,32.979,32.979,37.220,40.306,40.239,40.273,40.273,40.273,40.273,40.273,40.273,40.273,40.273,33.367,25.182,25.182,22.309,25.207,25.207,24.975,25.149,25.182,32.895,33.975,25.149,61.607,65.302,72.586,61.520,81.654,99.263,100.000,,59.819,39.614,40.392,35.069,50.076,53.324,40.416,33.283,30.309,70.266,7.046,2.782,2.838,5.180,5.070,5.226,2.556,2.556,15.742,3.499,3.442,3.198,4.280,4.213,3.118,4.534,0.058,1.464,0.035,39.356,55.116,7.574,32.206,0.033,1.260,17.382,0.248,8.026,2.126,0.035,1.817,62.295,6.625,4.753,28.540,77.167,25.047,25.047,25.047,11.550,19.955,19.909,19.876,23.762,50.885,13.878,23.429,23.429,23.429,23.429,23.429,23.429,23.429,23.429,23.429,23.429,23.429,23.429,23.429,12.543,23.429,26.215,8.031,6.419,43.412,12.524,4.541,2.277,33.605,2.082,25.166,2.493,1.471,5.355,19.857,16.391,21.180,21.206,30.918,16.598,18.419,25.296,48.869,13.320,9.599,9.599,9.574,23.802,23.802,13.703,10.997,13.359,38.656,1.249,23.429,23.429,23.429,23.429,23.429,23.429
NODE_143_length_4087_cov_43.5 - cas_IIIA translation,10.974,36.927,36.927,41.776,36.927,36.857,41.855,36.787,37.118,36.958,36.958,22.591,37.277,37.242,22.702,22.848,29.545,22.702,22.591,22.848,22.883,60.352,20.704,20.704,20.704,20.704,20.704,23.477,22.829,22.829,22.829,22.829,22.829,22.829,22.829,22.829,22.829,22.829,23.098,36.752,36.752,36.068,37.277,37.137,37.032,37.185,36.857,50.865,23.114,36.717,97.765,47.046,52.040,99.162,54.389,59.819,59.819,59.819,,59.352,33.222,28.514,41.976,43.952,33.178,26.958,29.276,43.687,7.335,3.339,3.454,6.943,4.865,4.952,3.162,3.162,20.463,4.310,4.279,4.417,5.463,5.150,4.237,4.530,0.000,1.675,0.000,60.011,45.607,6.387,17.989,0.000,1.290,25.161,0.176,8.257,2.518,0.000,2.112,33.679,9.431,6.763,20.732,55.390,19.944,19.944,19.944,9.295,28.371,28.297,28.263,48.567,77.221,24.774,18.130,18.130,18.130,18.130,18.130,18.130,18.130,18.130,18.130,18.130,18.130,18.130,18.130,13.639,18.130,20.411,10.018,7.730,35.026,15.831,4.538,2.736,61.137,2.433,36.945,4.158,1.802,6.979,28.220,14.865,19.097,19.124,29.276,15.323,16.761,23.560,41.991,11.750,8.336,8.336,8.309,19.295,19.295,11.945,9.850,11.628,32.416,0.993,18.130,18.130,18.130,18.130,18.130,18.130
NODE_357_length_6705_cov_41.8 - cas_IIIA translation,16.776,61.520,61.487,69.193,61.453,61.353,69.077,61.587,61.273,61.726,61.726,24.715,61.626,61.526,24.873,25.060,31.224,24.873,24.715,25.120,25.120,97.098,20.353,20.353,20.353,20.353,20.353,22.677,25.075,25.075,25.075,25.075,25.075,25.075,25.075,25.075,25.075,25.075,27.351,61.997,61.997,58.937,61.459,61.693,61.258,61.714,62.064,82.751,25.000,61.830,62.778,41.035,34.901,62.084,31.576,39.666,39.614,39.614,59.352,,34.680,33.410,29.830,34.090,34.648,31.921,31.757,35.822,4.355,4.904,4.955,7.456,3.109,3.160,9.100,9.151,11.846,2.564,4.116,2.622,3.234,3.637,2.518,6.244,1.584,9.723,1.483,96.992,33.557,10.420,20.306,2.088,6.512,96.237,2.830,12.898,14.881,1.059,12.225,26.687,31.054,7.172,23.424,40.658,24.752,24.752,24.752,14.064,30.437,30.465,30.435,23.077,43.810,23.879,21.616,21.616,21.616,21.616,21.616,21.616,21.616,21.616,21.616,21.616,21.616,21.616,21.616,38.363,21.616,23.954,13.336,10.702,37.596,13.692,6.208,4.139,66.941,3.693,61.973,26.004,3.101,7.634,30.332,21.709,22.763,22.726,32.357,19.640,24.349,32.900,28.140,11.728,9.192,9.192,9.194,20.080,20.080,11.883,10.146,11.629,27.072,6.427,21.616,21.616,21.616,21.616,21.616,21.616
NODE_480_length_5186_cov_56.3 - cas_IIIA translation,14.887,22.418,22.482,25.170,22.482,22.450,25.036,22.386,22.536,22.492,22.492,20.644,22.460,22.460,20.620,20.780,25.987,20.620,20.644,20.718,20.780,34.512,16.273,16.273,16.273,16.273,16.273,18.188,20.700,20.700,20.700,20.700,20.700,20.700,20.700,20.731,20.731,20.731,20.940,22.514,22.514,19.497,22.460,22.364,22.460,22.371,22.514,28.855,21.232,22.450,36.665,38.101,40.325,36.536,31.457,40.392,40.392,40.392,33.222,34.680,,86.316,79.417,36.978,99.367,81.795,34.458,32.546,4.467,8.036,8.099,4.447,3.537,3.598,14.603,14.479,3.735,7.417,9.861,7.692,8.433,9.228,7.750,4.110,0.242,7.565,0.156,34.462,36.771,10.277,16.807,0.531,7.095,13.667,0.291,13.182,11.579,0.158,9.627,19.108,5.511,2.111,17.051,41.733,61.029,61.029,61.029,45.730,21.569,21.558,21.527,23.204,23.272,17.925,18.401,18.401,18.401,18.401,18.401,18.401,18.401,18.401,18.401,18.401,18.401,18.401,18.401,11.677,18.401,20.442,2.976,2.441,32.708,4.421,4.116,6.651,26.598,5.761,22.453,4.032,5.018,4.640,21.442,18.818,15.457,15.513,34.991,12.076,21.192,28.796,50.253,7.460,5.515,5.515,5.517,35.266,35.266,7.390,5.591,7.460,56.387,1.155,18.401,18.401,18.401,18.401,18.401,18.401
NODE_277_length_5636_cov_24.7 - cas_IIIA translation,14.667,22.233,22.294,24.897,22.325,22.263,24.768,22.233,22.284,22.366,22.366,22.101,22.304,22.335,22.078,22.205,27.713,22.078,22.101,22.205,22.236,33.272,17.768,17.768,17.768,17.768,17.768,19.799,22.128,22.128,22.128,22.128,22.128,22.128,22.128,22.158,22.158,22.158,21.115,22.356,22.356,19.444,22.304,22.181,22.267,22.212,22.356,28.289,21.366,22.325,31.825,33.481,34.919,31.722,27.311,35.069,35.069,35.069,28.514,33.410,86.316,,68.582,32.070,85.769,94.450,29.979,27.935,3.817,7.726,7.740,4.508,3.077,3.130,12.667,12.560,3.243,6.362,8.570,6.652,7.295,7.985,6.703,5.923,2.965,7.726,1.937,33.226,32.034,10.000,18.013,2.152,6.943,13.737,1.078,12.750,11.356,1.959,9.688,15.516,5.929,1.849,17.298,36.248,70.395,70.395,70.395,51.473,20.676,20.665,20.635,18.213,19.548,16.763,17.528,17.528,17.528,17.528,17.528,17.528,17.528,17.528,17.528,17.528,17.528,17.528,17.528,11.892,17.528,19.357,3.986,3.316,29.734,3.882,5.931,6.480,21.182,5.660,22.298,4.509,4.963,4.688,20.557,18.024,15.928,15.998,30.602,12.867,20.171,26.810,43.435,6.865,5.620,5.620,5.622,36.739,36.739,6.794,5.756,6.865,49.146,1.451,17.528,17.528,17.528,17.528,17.528,17.528
NODE_382_length_4243_cov_88.1 - cas_IIIA translation,12.985,19.257,19.289,21.623,19.289,19.257,21.491,19.192,19.267,19.270,19.270,21.070,19.206,19.206,21.012,21.212,26.865,21.012,21.070,21.148,21.212,29.676,16.479,16.479,16.479,16.479,16.479,18.527,21.129,21.129,21.129,21.129,21.129,21.129,21.129,21.161,21.161,21.161,21.445,19.289,19.289,16.003,19.206,19.109,19.270,19.148,19.289,24.617,21.592,19.225,45.392,40.723,50.508,45.213,38.982,50.076,50.076,50.076,41.976,29.830,79.417,68.582,,41.720,78.847,64.990,28.115,34.795,5.573,6.826,6.789,4.831,4.302,4.377,7.480,7.354,4.487,9.198,8.460,9.550,10.472,10.007,9.629,3.633,0.056,3.790,0.034,29.726,43.013,9.696,16.993,0.066,3.374,3.575,0.163,9.645,5.756,0.035,4.857,20.148,2.156,1.066,17.390,47.080,48.491,48.491,48.491,31.250,21.380,21.368,21.335,35.666,30.589,17.308,18.556,18.556,18.556,18.556,18.556,18.556,18.556,18.556,18.556,18.556,18.556,18.556,18.556,8.525,18.556,20.708,2.348,1.917,34.063,3.624,3.638,5.539,16.098,4.772,19.232,0.619,4.056,5.050,21.247,15.421,15.758,15.816,28.916,12.202,17.407,23.720,63.166,7.114,5.180,5.180,5.182,35.014,35.014,7.290,5.156,7.114,57.479,0.115,18.556,18.556,18.556,18.556,18.556,18.556
NODE_399_length_4603_cov_21.2 - cas_IIIA translation,12.884,21.878,21.845,24.537,21.845,21.812,24.362,21.680,21.766,21.824,21.824,23.806,21.758,21.725,23.782,24.015,30.421,23.782,23.806,23.983,24.015,33.967,18.208,18.208,18.208,18.208,18.208,20.463,23.902,23.837,23.870,23.870,23.870,23.870,23.870,23.934,23.934,23.934,22.925,21.779,21.779,18.794,21.758,21.791,21.725,21.732,21.878,28.565,22.717,21.746,46.603,43.612,55.927,46.356,40.535,53.324,53.324,53.324,43.952,34.090,36.978,32.070,41.720,,37.124,30.430,30.823,38.450,4.796,2.392,2.448,5.680,4.294,4.371,2.590,2.590,2.991,2.250,3.153,1.966,2.834,3.105,1.966,3.333,0.058,1.409,0.035,34.018,95.458,7.489,19.179,0.171,1.334,4.412,0.166,8.544,1.996,0.035,1.792,16.525,2.627,0.514,17.502,49.682,22.843,22.843,22.843,8.689,20.705,20.726,20.693,22.911,30.385,15.302,40.484,40.484,40.484,40.484,40.484,40.484,40.484,40.484,40.484,40.484,40.484,40.484,40.484,9.057,40.484,45.554,1.740,1.436,78.951,2.723,3.339,1.998,22.045,1.725,21.849,1.040,1.203,5.809,20.606,16.592,16.656,16.651,31.474,12.100,18.687,25.680,46.074,7.130,5.187,5.187,5.189,22.167,22.167,7.230,5.166,7.055,35.885,0.641,40.484,40.484,40.484,40.484,40.484,40.484
NODE_728_length_5401_cov_18.2 - cas_IIIA translation,14.917,22.393,22.457,25.143,22.457,22.425,25.009,22.361,22.511,22.467,22.467,20.651,22.435,22.435,20.626,20.786,25.997,20.626,20.651,20.725,20.786,34.479,16.278,16.278,16.278,16.278,16.278,18.194,20.707,20.707,20.707,20.707,20.707,20.707,20.707,20.737,20.737,20.737,20.977,22.489,22.489,19.470,22.435,22.339,22.435,22.347,22.489,28.825,21.207,22.425,36.626,38.178,40.412,36.497,31.476,40.416,40.416,40.416,33.178,34.648,99.367,85.769,78.847,37.124,,81.276,34.358,32.546,4.407,8.040,8.103,4.449,3.539,3.600,14.673,14.550,3.676,7.484,9.867,7.760,8.438,9.234,7.818,4.065,0.242,7.600,0.156,34.430,36.916,10.279,16.811,0.531,7.065,13.571,0.291,13.218,11.635,0.158,9.672,19.108,5.481,2.112,17.085,41.697,60.642,60.642,60.642,45.882,21.607,21.596,21.565,23.315,23.195,17.977,18.467,18.467,18.467,18.467,18.467,18.467,18.467,18.467,18.467,18.467,18.467,18.467,18.467,11.620,18.467,20.516,2.939,2.410,32.833,4.367,4.071,6.654,26.495,5.763,22.428,4.034,5.052,4.642,21.480,18.762,15.401,15.457,34.896,12.020,21.130,28.714,50.285,7.427,5.491,5.491,5.492,35.242,35.242,7.357,5.559,7.427,56.361,1.155,18.467,18.467,18.467,18.467,18.467,18.467
NODE_478_length_6261_cov_30.9 - cas_IIIA translation,14.407,23.089,23.150,25.850,23.181,23.120,25.720,23.089,23.141,23.221,23.221,21.899,23.160,23.191,21.817,21.942,27.233,21.817,21.899,21.942,21.971,31.792,17.581,17.581,17.581,17.581,17.581,19.519,21.866,21.866,21.866,21.866,21.866,21.866,21.866,21.895,21.895,21.895,20.655,23.212,23.212,20.353,23.160,23.037,23.122,23.067,23.212,29.429,21.028,23.181,30.202,31.899,33.111,30.106,25.920,33.283,33.283,33.283,26.958,31.921,81.795,94.450,64.990,30.430,81.276,,28.472,26.428,3.621,7.669,7.679,4.708,2.971,3.021,12.018,11.917,3.078,6.031,8.152,6.305,6.914,7.570,6.357,5.992,3.023,8.377,2.024,31.748,30.395,10.069,17.857,2.205,7.215,12.647,1.380,13.049,10.842,2.046,10.426,14.434,6.787,1.760,16.907,34.406,74.420,74.420,74.420,50.238,20.652,20.641,20.612,16.746,18.353,16.738,17.821,17.821,17.821,17.821,17.821,17.821,17.821,17.821,17.821,17.821,17.821,17.821,17.821,12.699,17.821,19.679,4.427,3.641,28.347,3.699,6.000,6.584,19.560,5.794,23.153,5.378,5.066,4.884,20.505,17.812,15.539,15.726,29.115,12.829,19.949,26.222,41.161,6.679,5.622,5.622,5.729,36.879,36.879,6.576,5.755,6.679,46.703,1.435,17.821,17.821,17.821,17.821,17.821,17.821
NODE_360_length_5511_cov_62.5 - cas_IIIA translation,14.878,20.237,20.171,22.657,20.171,20.171,22.484,20.039,20.251,20.184,20.184,15.523,20.217,20.184,15.621,15.626,19.572,15.621,15.523,15.595,15.626,31.541,12.872,12.872,12.872,12.872,12.872,14.414,15.542,15.574,15.542,15.542,15.542,15.542,15.542,15.542,15.542,15.542,15.475,20.204,20.204,18.831,20.217,20.184,20.184,20.158,20.204,27.157,15.387,20.237,30.570,28.490,29.575,30.449,24.890,30.372,30.309,30.309,29.276,31.757,34.458,29.979,28.115,30.823,34.358,28.472,,25.178,3.585,3.815,3.820,4.382,2.616,2.616,11.090,11.090,3.099,2.879,4.654,2.511,3.070,3.748,2.509,3.670,0.000,5.934,0.064,31.439,30.614,5.892,12.566,0.610,11.535,16.585,0.112,25.442,9.142,0.000,7.495,15.157,6.369,2.398,12.761,30.629,21.463,21.463,21.463,13.966,15.686,15.700,15.700,14.742,19.453,13.004,15.309,15.309,15.309,15.309,15.309,15.309,15.309,15.309,15.309,15.309,15.309,15.309,15.309,10.568,15.309,17.043,2.673,2.160,27.621,3.956,3.675,3.155,29.832,2.763,20.243,5.178,2.267,4.375,15.567,49.832,28.633,28.686,99.933,19.165,54.950,79.817,28.581,7.258,5.341,5.341,5.342,17.767,17.767,7.504,5.358,7.329,28.159,1.839,15.309,15.309,15.309,15.309,15.309,15.309
NODE_2243_length_4074_cov_86.1 - cas_IIIA translation,10.583,21.818,21.888,24.779,21.888,21.888,24.670,21.782,21.946,21.865,21.865,46.199,21.936,21.900,46.215,44.052,57.762,46.215,46.199,44.089,44.162,35.673,44.052,44.052,44.052,44.052,44.052,50.166,44.121,44.048,44.084,44.084,44.084,44.084,44.084,44.121,44.121,44.121,37.832,21.798,21.798,21.936,21.936,21.936,21.794,21.908,21.939,30.107,30.197,21.798,43.701,81.187,51.525,43.765,70.266,70.188,70.266,70.266,43.687,35.822,32.546,27.935,34.795,38.450,32.546,26.428,25.178,,5.819,3.472,3.585,3.970,4.762,4.913,3.716,3.650,14.731,3.053,4.161,2.913,3.949,4.185,2.836,15.371,8.399,2.492,6.621,35.501,38.102,2.610,44.089,9.316,2.033,21.648,3.858,9.085,3.908,5.020,3.174,92.991,8.599,20.031,37.832,62.793,19.612,19.612,19.612,11.029,14.310,14.257,14.224,14.919,37.122,12.924,17.880,17.880,17.880,17.880,17.880,17.880,17.880,17.880,17.880,17.880,17.880,17.880,17.880,9.483,17.880,20.127,17.816,13.587,34.509,28.960,15.398,2.822,31.250,2.554,21.822,4.640,1.897,4.009,14.219,13.546,24.641,24.668,25.178,19.411,15.253,21.548,34.133,22.533,15.268,15.268,15.241,18.648,18.648,20.883,19.300,22.676,30.715,2.283,17.880,17.880,17.880,17.880,17.880,17.880
NODE_1083_length_1701_cov_11.7 - cas_IIIA translation,1.680,2.773,2.773,3.117,2.773,2.773,3.113,2.773,2.784,2.770,2.770,2.600,2.771,2.771,2.535,2.898,3.601,2.535,2.600,2.832,2.832,4.334,3.042,3.042,3.042,3.042,3.042,3.450,2.867,2.932,2.900,2.900,2.900,2.900,2.900,2.867,2.867,2.867,2.470,2.775,2.775,2.882,2.771,2.737,2.770,2.771,2.775,3.699,2.632,2.742,6.747,4.786,6.394,6.725,8.285,7.046,7.046,7.046,7.335,4.355,4.467,3.817,5.573,4.796,4.407,3.621,3.585,5.819,,9.767,9.642,0.882,38.799,38.799,6.438,6.438,6.944,10.423,13.831,12.310,20.569,18.619,12.458,35.409,0.111,2.623,0.049,4.281,4.808,3.949,2.308,0.046,2.934,0.967,0.063,1.566,4.500,0.050,3.600,6.689,0.642,0.750,2.631,5.830,2.713,2.713,2.713,2.525,2.606,2.608,2.608,8.231,6.979,3.381,1.942,1.942,1.942,1.942,1.942,1.942,1.942,1.942,1.942,1.942,1.942,1.942,1.942,1.100,1.942,2.180,2.514,1.865,3.715,4.673,35.508,7.176,6.002,5.997,2.770,0.220,3.268,0.823,2.601,1.816,2.053,2.053,3.444,1.028,2.009,2.793,5.995,1.794,1.281,1.281,1.282,2.609,2.609,1.841,1.855,1.794,4.255,0.056,1.942,1.942,1.942,1.942,1.942,1.942
NODE_19375_length_4322_cov_8.850648 - cas_IIIA translation,3.078,3.653,3.653,4.033,3.653,3.623,4.028,3.653,3.564,3.619,3.619,2.033,3.651,3.651,2.062,2.062,2.560,2.062,2.033,2.062,2.062,5.076,2.195,2.195,2.195,2.195,2.195,2.472,2.063,2.063,2.063,2.063,2.063,2.063,2.063,2.063,2.063,2.063,2.142,3.623,3.623,3.837,3.651,3.589,3.618,3.619,3.592,4.729,2.284,3.592,3.170,3.008,2.065,3.218,3.120,2.782,2.782,2.782,3.339,4.904,8.036,7.726,6.826,2.392,8.040,7.669,3.815,3.472,9.767,,96.204,1.114,4.865,4.865,17.705,17.623,3.393,16.408,63.056,29.842,35.032,41.204,30.176,8.196,0.545,10.585,0.387,5.073,2.194,35.432,1.691,0.758,16.332,5.643,0.720,11.518,17.724,0.312,14.471,2.714,3.186,1.783,2.284,3.139,6.020,6.020,6.020,6.453,32.084,31.716,31.716,20.214,3.534,55.294,1.763,1.763,1.763,1.763,1.763,1.763,1.763,1.763,1.763,1.763,1.763,1.763,1.763,2.731,1.763,1.977,3.458,2.640,2.892,3.857,8.153,68.179,3.788,56.423,3.618,2.876,48.625,1.069,32.031,4.141,1.785,1.813,3.704,1.720,4.573,6.091,3.330,1.641,1.405,1.405,1.381,5.384,5.384,1.643,1.922,1.609,7.112,1.946,1.763,1.763,1.763,1.763,1.763,1.763
NODE_304_length_4326_cov_39.6 - cas_IIIA translation,3.081,3.687,3.687,4.071,3.687,3.656,4.066,3.687,3.598,3.653,3.653,2.063,3.685,3.685,2.092,2.093,2.598,2.092,2.063,2.093,2.093,5.127,2.228,2.228,2.228,2.228,2.228,2.509,2.094,2.094,2.094,2.094,2.094,2.094,2.094,2.094,2.094,2.094,2.173,3.656,3.656,3.873,3.685,3.623,3.652,3.653,3.626,4.775,2.343,3.626,3.277,3.060,2.120,3.325,3.184,2.838,2.838,2.838,3.454,4.955,8.099,7.740,6.789,2.448,8.103,7.679,3.820,3.585,9.642,96.204,,1.240,4.801,4.801,17.980,17.898,3.395,16.621,64.963,30.483,35.781,42.100,29.805,8.100,0.545,10.713,0.388,5.125,2.198,34.908,1.716,0.758,16.424,5.577,0.720,11.530,17.969,0.312,14.648,2.857,3.149,1.786,2.318,3.195,6.026,6.026,6.026,6.422,31.516,31.648,31.648,20.428,3.665,54.294,1.850,1.850,1.850,1.850,1.850,1.850,1.850,1.850,1.850,1.850,1.850,1.850,1.850,2.702,1.850,2.074,3.460,2.641,3.040,3.862,8.057,70.619,3.871,57.112,3.652,2.836,48.352,1.194,31.530,4.116,1.758,1.786,3.709,1.750,4.578,6.055,3.389,1.643,1.406,1.406,1.382,5.358,5.358,1.645,1.924,1.610,7.126,1.851,1.850,1.850,1.850,1.850,1.850,1.850
NODE_226_length_5204_cov_103.8 - cas_IIIA translation,4.309,10.588,10.652,11.247,10.588,10.556,11.165,10.556,10.661,10.578,10.578,5.248,10.546,10.546,5.279,5.369,4.789,5.279,5.248,5.251,5.369,7.550,4.540,4.540,4.540,4.540,4.540,4.995,5.308,5.338,5.338,5.338,5.338,5.338,5.338,5.338,5.338,5.338,5.610,10.500,10.500,10.458,10.610,10.546,10.483,10.486,10.500,8.761,4.989,10.531,7.316,5.033,5.798,7.392,4.019,5.273,5.180,5.180,6.943,7.456,4.447,4.508,4.831,5.680,4.449,4.708,4.382,3.970,0.882,1.114,1.240,,0.864,0.864,0.789,0.789,0.318,0.642,0.742,0.431,0.700,0.675,0.378,1.402,0.856,2.637,2.577,7.512,5.807,2.580,4.340,2.325,1.826,2.581,2.247,2.623,1.522,2.603,2.846,1.788,6.464,0.101,4.995,4.861,5.187,5.187,5.187,3.360,5.821,5.884,5.884,3.343,5.390,4.595,5.832,5.832,5.832,5.832,5.832,5.832,5.832,5.832,5.832,5.832,5.832,5.832,5.832,7.237,5.832,6.347,1.263,2.755,5.421,0.326,1.404,1.904,3.315,1.893,10.511,6.450,1.526,97.313,5.841,5.327,4.355,5.121,4.431,4.427,4.622,4.550,5.433,1.542,2.227,2.227,2.422,4.679,4.679,1.513,1.382,1.484,4.323,2.263,5.832,5.832,5.832,5.832,5.832,5.832
NODE_5303_length_1762_cov_16.9 - cas_IIIA translation,1.375,1.963,1.963,2.199,1.963,1.930,2.160,1.930,1.938,1.961,1.961,2.230,1.994,1.994,2.198,2.297,2.789,2.198,2.230,2.232,2.232,3.146,2.349,2.349,2.349,2.349,2.349,2.616,2.299,2.332,2.332,2.332,2.332,2.332,2.332,2.299,2.299,2.299,2.133,1.964,1.964,1.984,1.994,1.928,1.961,1.961,1.964,2.492,2.064,1.964,4.695,4.106,5.263,4.758,5.709,5.148,5.070,5.070,4.865,3.109,3.537,3.077,4.302,4.294,3.539,2.971,2.616,4.762,38.799,4.865,4.801,0.864,,99.059,7.297,7.297,3.774,11.298,6.785,6.875,9.767,8.976,7.031,15.517,0.541,3.035,0.292,3.093,4.455,2.145,1.831,0.229,2.362,0.314,0.248,1.174,4.876,0.298,4.078,5.011,0.316,0.727,2.190,4.179,2.197,2.197,2.197,1.993,2.124,2.126,2.126,5.804,4.737,2.534,1.828,1.828,1.828,1.828,1.828,1.828,1.828,1.828,1.828,1.828,1.828,1.828,1.828,0.642,1.828,2.048,1.749,1.275,3.455,3.036,15.560,3.606,3.497,3.052,1.960,0.087,1.930,0.863,2.088,1.317,1.621,1.589,2.508,1.023,1.445,2.045,4.586,1.655,1.187,1.187,1.216,2.093,2.093,1.607,1.752,1.655,3.385,0.165,1.828,1.828,1.828,1.828,1.828,1.828
NODE_883_length_1999_cov_11.2 - cas_IIIA translation,1.349,1.995,1.995,2.236,1.995,1.963,2.197,1.963,1.970,1.993,1.993,2.296,2.027,2.027,2.264,2.363,2.873,2.264,2.296,2.297,2.297,3.196,2.419,2.419,2.419,2.419,2.419,2.695,2.365,2.397,2.397,2.397,2.397,2.397,2.397,2.365,2.365,2.365,2.133,1.997,1.997,2.019,2.027,1.961,1.993,1.994,1.997,2.537,2.031,1.997,4.773,4.106,5.263,4.836,5.893,5.304,5.226,5.226,4.952,3.160,3.598,3.130,4.377,4.371,3.600,3.021,2.616,4.913,38.799,4.865,4.801,0.864,99.059,,7.297,7.297,3.919,11.298,6.785,6.875,9.767,8.976,7.031,15.517,0.541,3.035,0.292,3.144,4.535,2.145,1.883,0.229,2.362,0.419,0.248,1.174,4.876,0.298,4.078,5.234,0.356,0.727,2.190,4.179,2.235,2.235,2.235,2.043,2.124,2.126,2.126,5.804,4.842,2.534,1.860,1.860,1.860,1.860,1.860,1.860,1.860,1.860,1.860,1.860,1.860,1.860,1.860,0.642,1.860,2.084,1.806,1.316,3.516,3.138,15.560,3.606,3.607,3.052,1.993,0.087,1.930,0.863,2.088,1.317,1.653,1.621,2.508,1.087,1.445,2.045,4.674,1.695,1.215,1.215,1.244,2.131,2.131,1.647,1.792,1.695,3.446,0.165,1.860,1.860,1.860,1.860,1.860,1.860
NODE_2879_length_3504_cov_14.6 - cas_IIIA translation,4.399,5.861,5.828,6.544,5.828,5.894,6.537,5.861,5.917,5.855,5.855,1.790,5.923,5.923,1.791,1.853,2.317,1.791,1.790,1.853,1.853,9.221,1.941,1.941,1.941,1.941,1.941,2.183,1.854,1.854,1.854,1.854,1.854,1.854,1.854,1.854,1.854,1.854,1.854,5.828,5.828,6.202,5.923,5.823,5.823,5.825,5.730,7.939,2.069,5.763,3.030,3.396,2.042,3.153,2.853,2.556,2.556,2.556,3.162,9.100,14.603,12.667,7.480,2.590,14.673,12.018,11.090,3.716,6.438,17.705,17.980,0.789,7.297,7.297,,99.160,4.253,49.440,25.979,21.379,24.414,26.272,21.133,5.506,0.081,30.421,0.170,9.216,2.399,6.977,1.495,0.895,14.609,14.965,0.105,9.492,58.662,0.043,43.416,3.810,6.358,3.108,1.950,3.678,9.018,9.018,9.018,11.735,5.648,5.654,5.654,12.915,3.546,8.767,1.535,1.535,1.535,1.535,1.535,1.535,1.535,1.535,1.535,1.535,1.535,1.535,1.535,5.365,1.535,1.709,3.074,2.254,2.767,5.416,5.518,13.193,17.184,10.792,5.886,6.244,8.890,0.786,5.671,5.700,1.651,1.650,10.766,1.621,6.437,8.806,3.482,1.948,1.423,1.423,1.423,5.178,5.178,1.995,2.011,1.948,8.222,2.117,1.535,1.535,1.535,1.535,1.535,1.535
NODE_2165_length_3264_cov_176.2 - cas_IIIA translation,4.452,5.894,5.861,6.581,5.861,5.927,6.574,5.894,5.950,5.888,5.888,1.759,5.955,5.955,1.760,1.822,2.279,1.760,1.759,1.822,1.822,9.272,1.909,1.909,1.909,1.909,1.909,2.146,1.823,1.823,1.823,1.823,1.823,1.823,1.823,1.823,1.823,1.823,1.823,5.894,5.894,6.237,5.955,5.855,5.855,5.857,5.763,7.984,2.038,5.796,3.030,3.339,2.042,3.153,2.853,2.556,2.556,2.556,3.162,9.151,14.479,12.560,7.354,2.590,14.550,11.917,11.090,3.650,6.438,17.623,17.898,0.789,7.297,7.297,99.160,,4.253,49.720,25.860,21.241,24.276,26.135,20.994,5.506,0.081,30.604,0.170,9.267,2.399,6.977,1.470,0.852,14.564,15.066,0.105,9.454,58.845,0.043,43.546,3.717,6.400,3.108,1.916,3.616,8.942,8.942,8.942,11.633,5.616,5.622,5.622,12.796,3.546,8.712,1.504,1.504,1.504,1.504,1.504,1.504,1.504,1.504,1.504,1.504,1.504,1.504,1.504,5.430,1.504,1.675,3.074,2.254,2.712,5.416,5.518,13.133,17.295,10.741,5.919,6.290,8.844,0.786,5.639,5.700,1.651,1.650,10.766,1.621,6.437,8.806,3.482,1.911,1.396,1.396,1.396,5.105,5.105,1.958,1.973,1.911,8.105,2.061,1.504,1.504,1.504,1.504,1.504,1.504
NODE_843_length_2448_cov_12.6 - cas_IIIA translation,1.142,7.687,7.687,8.616,7.687,7.687,8.606,7.687,7.685,7.679,7.679,6.432,7.582,7.582,6.468,6.370,8.203,6.468,6.432,6.403,6.403,11.895,6.667,6.667,6.667,6.667,6.667,7.609,6.408,6.408,6.408,6.408,6.408,6.408,6.408,6.408,6.408,6.408,6.273,7.592,7.592,7.870,7.582,7.479,7.613,7.582,7.692,10.229,6.377,7.659,18.973,12.314,8.170,18.745,18.367,15.824,15.742,15.742,20.463,11.846,3.735,3.243,4.487,2.991,3.676,3.078,3.099,14.731,6.944,3.393,3.395,0.318,3.774,3.919,4.253,4.253,,6.341,4.756,7.214,7.482,6.645,7.229,3.358,0.111,1.496,0.049,11.888,3.092,1.480,5.066,0.046,1.230,20.730,0.126,0.777,2.885,0.050,2.073,19.558,8.477,17.597,6.652,14.469,2.350,2.350,2.350,1.949,1.670,1.639,1.639,3.723,24.452,1.642,1.307,1.307,1.307,1.307,1.307,1.307,1.307,1.307,1.307,1.307,1.307,1.307,1.307,6.722,1.307,1.497,24.416,17.776,2.430,54.793,3.366,2.442,23.286,2.148,7.677,4.376,1.728,0.317,1.635,1.693,5.559,5.590,3.102,5.389,1.831,2.578,2.913,6.474,4.612,4.612,4.585,2.131,2.131,6.606,6.576,6.433,3.519,1.622,1.307,1.307,1.307,1.307,1.307,1.307
NODE_5926_length_1852_cov_22.2 - cas_IIIA translation,2.004,1.739,1.739,1.953,1.739,1.739,1.951,1.739,1.713,1.737,1.737,1.398,1.738,1.738,1.398,1.464,1.856,1.398,1.398,1.464,1.464,2.708,1.530,1.530,1.530,1.530,1.530,1.733,1.465,1.465,1.465,1.465,1.465,1.465,1.465,1.465,1.465,1.465,1.302,1.706,1.706,1.746,1.738,1.672,1.704,1.705,1.640,2.326,1.400,1.640,4.028,2.495,2.564,4.180,4.059,3.499,3.499,3.499,4.310,2.564,7.417,6.362,9.198,2.250,7.484,6.031,2.879,3.053,10.423,16.408,16.621,0.642,11.298,11.298,49.440,49.720,6.341,,25.417,38.670,44.828,38.316,38.272,4.900,0.110,17.995,0.049,2.758,2.251,6.093,1.169,0.046,8.428,2.030,0.063,4.376,32.507,0.050,25.522,2.516,1.013,1.226,1.352,3.100,4.507,4.507,4.507,5.115,4.577,4.582,4.582,21.063,5.092,6.933,0.954,0.954,0.954,0.954,0.954,0.954,0.954,0.954,0.954,0.954,0.954,0.954,0.954,1.101,0.954,1.066,2.175,1.511,1.771,4.037,4.912,11.841,2.895,9.462,1.737,0.454,7.520,0.640,4.603,1.523,1.224,1.223,2.883,1.192,1.711,2.356,4.221,1.330,0.955,0.955,0.955,4.333,4.333,1.365,1.377,1.330,7.102,0.171,0.954,0.954,0.954,0.954,0.954,0.954
NODE_3910_length_2888_cov_19.0 - cas_IIIA translation,2.724,2.719,2.719,3.040,2.719,2.719,3.037,2.719,2.698,2.716,2.716,2.003,2.717,2.717,2.004,2.035,2.534,2.004,2.003,2.035,2.035,4.151,2.176,2.176,2.176,2.176,2.176,2.440,2.036,2.036,2.036,2.036,2.036,2.036,2.036,2.036,2.036,2.036,1.944,2.687,2.687,2.853,2.717,2.653,2.685,2.686,2.656,3.573,1.944,2.656,3.992,3.513,2.630,4.051,3.974,3.442,3.442,3.442,4.279,4.116,9.861,8.570,8.460,3.153,9.867,8.152,4.654,4.161,13.831,63.056,64.963,0.742,6.785,6.785,25.979,25.860,4.756,25.417,,46.790,54.922,64.622,45.726,8.874,0.082,9.718,0.128,4.197,2.720,22.747,1.647,0.501,9.028,3.721,0.053,5.317,18.243,0.043,13.612,3.436,1.891,1.895,2.079,3.931,6.193,6.193,6.193,7.218,19.404,19.491,19.491,29.559,4.696,33.059,1.571,1.571,1.571,1.571,1.571,1.571,1.571,1.571,1.571,1.571,1.571,1.571,1.571,1.712,1.571,1.746,2.672,1.972,2.797,4.604,8.892,46.047,5.294,37.045,2.716,1.469,30.754,0.693,19.405,2.479,1.505,1.505,4.489,1.355,2.772,3.714,4.213,1.697,1.245,1.245,1.246,5.442,5.442,1.701,1.751,1.661,8.613,1.394,1.571,1.571,1.571,1.571,1.571,1.571
NODE_1050_length_1644_cov_11.1 - cas_IIIA translation,1.875,1.708,1.708,1.919,1.708,1.708,1.917,1.708,1.682,1.707,1.707,1.302,1.707,1.707,1.303,1.336,1.694,1.303,1.302,1.336,1.336,2.664,1.436,1.436,1.436,1.436,1.436,1.625,1.336,1.336,1.336,1.336,1.336,1.336,1.336,1.336,1.336,1.336,1.271,1.675,1.675,1.783,1.707,1.641,1.674,1.674,1.643,2.285,1.337,1.643,4.044,2.439,2.337,4.117,3.839,3.198,3.198,3.198,4.417,2.622,7.692,6.652,9.550,1.966,7.760,6.305,2.511,2.913,12.310,29.842,30.483,0.431,6.875,6.875,21.379,21.241,7.214,38.670,46.790,,85.233,71.711,97.576,5.681,0.236,7.153,0.050,2.714,2.033,10.754,1.066,0.047,6.643,1.929,0.065,4.463,14.756,0.052,10.175,2.951,0.941,1.341,1.354,2.965,4.709,4.709,4.709,5.879,8.908,8.951,8.951,47.519,5.429,15.235,0.860,0.860,0.860,0.860,0.860,0.860,0.860,0.860,0.860,0.860,0.860,0.860,0.860,0.972,0.860,0.962,2.251,1.589,1.599,4.417,5.694,21.607,3.671,17.382,1.706,0.560,16.278,0.376,8.893,1.273,1.066,1.065,2.415,0.905,1.466,1.971,4.241,1.060,0.760,0.760,0.761,4.806,4.806,1.088,1.097,1.060,7.888,0.237,0.860,0.860,0.860,0.860,0.860,0.860
NODE_65759_length_1674_cov_2.889167 - cas_IIIA translation,2.141,2.100,2.100,2.359,2.100,2.100,2.356,2.100,2.076,2.098,2.098,1.756,2.099,2.099,1.757,1.790,2.269,1.757,1.756,1.790,1.790,3.274,1.924,1.924,1.924,1.924,1.924,2.177,1.791,1.791,1.791,1.791,1.791,1.791,1.791,1.791,1.791,1.791,1.693,2.068,2.068,2.200,2.099,2.033,2.066,2.066,2.035,2.819,1.824,2.035,4.984,3.246,3.376,5.055,5.135,4.280,4.280,4.280,5.463,3.234,8.433,7.295,10.472,2.834,8.438,6.914,3.070,3.949,20.569,35.032,35.781,0.700,9.767,9.767,24.414,24.276,7.482,44.828,54.922,85.233,,84.211,83.204,9.612,0.221,8.292,0.049,3.323,2.930,12.596,1.429,0.046,8.040,1.929,0.063,4.366,16.129,0.050,11.795,2.951,1.055,1.236,1.815,4.040,5.166,5.166,5.166,5.879,9.301,9.344,9.344,47.519,6.298,15.235,1.241,1.241,1.241,1.241,1.241,1.241,1.241,1.241,1.241,1.241,1.241,1.241,1.241,1.066,1.241,1.387,2.426,1.772,2.305,4.745,9.635,25.362,3.671,20.369,2.098,0.546,15.821,0.643,9.285,1.589,1.355,1.354,2.954,1.194,1.786,2.411,5.289,1.373,0.985,0.985,0.985,5.304,5.304,1.408,1.420,1.373,8.698,0.229,1.241,1.241,1.241,1.241,1.241,1.241
NODE_5098_length_1495_cov_8.8 - cas_IIIA translation,2.380,2.361,2.361,2.651,2.361,2.361,2.648,2.361,2.337,2.358,2.358,1.892,2.359,2.359,1.892,1.925,2.431,1.892,1.892,1.925,1.925,3.675,2.067,2.067,2.067,2.067,2.067,2.335,1.926,1.926,1.926,1.926,1.926,1.926,1.926,1.926,1.926,1.926,1.829,2.328,2.328,2.477,2.359,2.293,2.326,2.326,2.295,3.128,1.958,2.295,4.726,3.463,3.196,4.794,5.004,4.213,4.213,4.213,5.150,3.637,9.228,7.985,10.007,3.105,9.234,7.570,3.748,4.185,18.619,41.204,42.100,0.675,8.976,8.976,26.272,26.135,6.645,38.316,64.622,71.711,84.211,,70.460,9.670,0.103,8.921,0.047,3.724,3.209,14.807,1.541,0.180,8.476,2.730,0.060,4.738,17.387,0.048,12.686,3.337,1.391,1.550,1.962,4.263,5.658,5.658,5.658,6.531,11.542,11.587,11.587,41.919,5.859,19.176,1.365,1.365,1.365,1.365,1.365,1.365,1.365,1.365,1.365,1.365,1.365,1.365,1.365,1.323,1.365,1.525,2.537,1.864,2.528,4.835,9.692,29.842,4.435,24.063,2.358,0.909,19.172,0.620,11.523,1.937,1.431,1.430,3.606,1.273,2.175,2.947,5.008,1.503,1.084,1.084,1.084,5.446,5.446,1.542,1.555,1.503,8.918,0.973,1.365,1.365,1.365,1.365,1.365,1.365
NODE_4543_length_1920_cov_11.0 - cas_IIIA translation,1.848,1.643,1.643,1.845,1.643,1.643,1.843,1.643,1.616,1.641,1.641,1.269,1.641,1.641,1.270,1.303,1.652,1.270,1.269,1.303,1.303,2.560,1.400,1.400,1.400,1.400,1.400,1.585,1.303,1.303,1.303,1.303,1.303,1.303,1.303,1.303,1.303,1.303,1.238,1.610,1.610,1.713,1.641,1.575,1.608,1.609,1.577,2.195,1.304,1.577,3.883,2.375,2.256,3.956,3.742,3.118,3.118,3.118,4.237,2.518,7.750,6.703,9.629,1.966,7.818,6.357,2.509,2.836,12.458,30.176,29.805,0.378,7.031,7.031,21.133,20.994,7.229,38.272,45.726,97.576,83.204,70.460,,5.754,0.237,7.068,0.050,2.610,2.033,10.862,1.040,0.047,6.558,1.927,0.065,4.385,14.581,0.052,10.058,2.838,0.942,1.343,1.318,2.890,4.747,4.747,4.747,5.927,8.875,8.850,8.850,46.857,5.206,15.176,0.860,0.860,0.860,0.860,0.860,0.860,0.860,0.860,0.860,0.860,0.860,0.860,0.860,0.972,0.860,0.962,2.254,1.591,1.599,4.423,5.768,21.146,3.444,17.165,1.640,0.561,16.024,0.322,8.860,1.273,1.065,1.065,2.414,0.872,1.466,1.971,4.160,1.060,0.760,0.760,0.761,4.804,4.804,1.088,1.097,1.060,7.883,0.237,0.860,0.860,0.860,0.860,0.860,0.860
NODE_976_length_4299_cov_14.0 - cas_IIIA translation,2.225,4.438,4.438,4.897,4.438,4.438,4.926,4.498,4.468,4.494,4.494,12.553,4.465,4.435,12.193,12.693,15.973,12.193,12.553,12.594,12.627,6.134,13.526,13.526,13.526,13.526,13.526,15.299,12.701,12.767,12.734,12.734,12.734,12.734,12.734,12.701,12.701,12.701,9.056,4.471,4.471,4.636,4.435,4.403,4.432,4.464,4.471,5.804,5.380,4.410,4.337,13.046,3.960,4.328,4.971,4.534,4.534,4.534,4.530,6.244,4.110,5.923,3.633,3.333,4.065,5.992,3.670,15.371,35.409,8.196,8.100,1.402,15.517,15.517,5.506,5.506,3.358,4.900,8.874,5.681,9.612,9.670,5.754,,18.481,4.201,10.215,6.131,3.228,3.994,10.118,13.697,3.776,4.925,5.547,2.419,6.111,9.212,5.500,19.112,2.831,18.681,9.809,5.036,4.649,4.649,4.649,7.010,2.795,2.797,2.797,3.721,3.978,3.519,3.214,3.214,3.214,3.214,3.214,3.214,3.214,3.214,3.214,3.214,3.214,3.214,3.214,2.895,3.214,3.596,16.143,11.960,3.711,19.316,99.164,6.584,5.559,5.691,4.493,2.647,3.398,1.355,2.791,2.603,8.380,8.748,3.561,7.439,2.860,3.789,3.737,7.343,6.498,6.498,7.029,3.712,3.712,6.027,9.247,7.378,3.991,1.078,3.214,3.214,3.214,3.214,3.214,3.214
NODE_2752_length_2355_cov_21.4 - cas_IIIA translation,0.396,1.324,1.324,1.476,1.324,1.324,1.508,1.355,1.355,1.384,1.384,15.012,1.323,1.354,15.344,17.215,21.568,15.344,15.012,16.916,17.149,1.578,18.462,18.462,18.462,18.462,18.462,20.959,17.027,17.060,17.060,17.060,17.060,17.060,17.060,17.060,17.060,17.060,5.402,1.356,1.356,1.371,1.323,1.323,1.322,1.323,1.325,1.764,3.234,1.356,0.058,5.842,0.126,0.058,0.066,0.058,0.058,0.058,0.000,1.584,0.242,2.965,0.056,0.058,0.242,3.023,0.000,8.399,0.111,0.545,0.545,0.856,0.541,0.541,0.081,0.081,0.111,0.110,0.082,0.236,0.221,0.103,0.237,18.481,,1.552,31.261,1.577,0.060,0.269,13.686,19.181,0.593,2.711,7.583,0.519,2.319,31.970,2.226,11.373,1.745,10.319,5.864,0.054,2.362,2.362,2.362,5.368,0.268,0.269,0.269,0.096,0.000,0.387,1.969,1.969,1.969,1.969,1.969,1.969,1.969,1.969,1.969,1.969,1.969,1.969,1.969,1.325,1.969,2.193,9.346,6.512,0.680,7.821,18.532,0.477,0.074,0.407,1.353,1.981,0.384,0.853,0.268,0.560,3.678,3.988,0.000,3.707,0.624,0.834,0.064,2.914,3.745,3.745,4.194,1.516,1.516,1.616,5.368,2.914,0.779,1.268,1.969,1.969,1.969,1.969,1.969,1.969
NODE_864_length_7178_cov_22.4 - cas_IIIA translation,6.022,12.670,12.670,12.876,12.698,12.641,12.834,12.670,12.583,12.572,12.572,3.971,12.691,12.720,4.024,4.205,2.961,4.024,3.971,4.180,4.205,9.941,4.406,4.406,4.406,4.406,4.406,3.887,4.208,4.208,4.208,4.208,4.208,4.208,4.208,4.208,4.208,4.208,6.465,12.612,12.612,13.319,12.691,12.601,12.597,12.601,12.525,13.451,3.792,12.554,1.670,2.287,1.054,1.734,1.532,1.464,1.464,1.464,1.675,9.723,7.565,7.726,3.790,1.409,7.600,8.377,5.934,2.492,2.623,10.585,10.713,2.637,3.035,3.035,30.421,30.604,1.496,17.995,9.718,7.153,8.292,8.921,7.068,4.201,1.552,,3.484,9.938,1.279,13.951,3.504,3.819,24.841,12.929,3.447,18.307,47.894,3.317,62.151,2.195,14.681,1.749,6.883,1.952,8.291,8.291,8.291,10.443,12.731,12.771,12.771,4.793,1.734,7.921,4.728,4.728,4.728,4.728,4.728,4.728,4.728,4.728,4.728,4.728,4.728,4.728,4.728,11.983,4.728,4.251,10.771,10.280,2.577,2.727,4.168,11.406,6.532,17.058,12.597,15.071,16.654,2.597,12.685,7.019,4.525,4.436,5.871,4.809,7.207,7.190,1.721,1.511,2.220,2.220,2.723,4.918,4.918,1.536,1.906,1.511,4.301,7.610,4.728,4.728,4.728,4.728,4.728,4.728
NODE_262_length_5136_cov_35.1 - cas_IIIA translation,7.246,7.408,7.408,6.395,7.324,7.408,6.447,7.437,7.408,7.458,7.458,52.507,7.320,7.404,52.674,55.068,33.034,52.674,52.507,54.636,54.869,1.479,59.213,59.213,59.213,59.213,59.213,47.227,50.349,50.448,50.448,50.448,50.448,50.448,50.448,50.448,50.448,50.448,22.554,7.384,7.384,7.813,7.376,7.346,7.372,7.346,7.356,2.281,7.059,7.441,0.035,4.917,0.037,0.035,0.038,0.035,0.035,0.035,0.000,1.483,0.156,1.937,0.034,0.035,0.156,2.024,0.064,6.621,0.049,0.387,0.388,2.577,0.292,0.292,0.170,0.170,0.049,0.049,0.128,0.050,0.049,0.047,0.050,10.215,31.261,3.484,,1.479,0.071,7.166,43.778,62.003,2.725,2.043,8.735,5.409,1.496,97.284,2.269,7.871,9.400,5.710,24.546,0.034,4.048,4.048,4.048,27.470,7.160,7.192,7.166,0.000,0.000,1.153,31.428,31.428,31.428,31.428,31.428,31.428,31.428,31.428,31.428,31.428,31.428,31.428,31.428,7.387,31.397,21.370,6.562,11.703,0.563,5.025,10.229,1.802,0.243,3.836,7.428,10.514,6.971,2.532,7.071,8.472,12.250,12.058,0.063,9.159,7.001,0.620,0.037,2.664,5.649,5.649,19.170,2.367,2.367,1.726,4.459,2.690,0.534,21.212,31.428,31.428,31.428,31.428,31.428,31.428
NODE_1129_length_8815_cov_155.5 - cas_IIIA translation,16.719,62.195,62.295,70.094,62.262,62.195,70.584,62.496,61.659,62.199,62.199,24.709,62.596,62.195,24.776,24.963,31.009,24.776,24.709,24.993,24.963,98.470,20.209,20.209,20.209,20.209,20.209,22.510,24.948,24.948,24.948,24.948,24.948,24.948,24.948,24.948,24.948,24.948,27.332,61.827,61.827,59.722,62.329,62.228,61.973,62.262,61.994,83.494,24.903,61.693,62.269,40.680,34.667,62.955,31.256,39.304,39.356,39.356,60.011,96.992,34.462,33.226,29.726,34.018,34.430,31.748,31.439,35.501,4.281,5.073,5.125,7.512,3.093,3.144,9.216,9.267,11.888,2.758,4.197,2.714,3.323,3.724,2.610,6.131,1.577,9.938,1.479,,33.487,10.488,20.238,2.082,6.658,97.527,2.860,12.944,15.205,1.056,12.495,26.256,31.668,7.186,23.377,40.395,24.633,24.633,24.633,14.027,30.251,30.159,30.129,22.465,43.331,23.784,21.649,21.649,21.649,21.649,21.649,21.649,21.649,21.649,21.649,21.649,21.649,21.649,21.649,38.046,21.649,23.988,13.407,10.766,37.622,13.724,6.095,4.281,67.377,3.821,62.212,26.520,3.222,7.689,30.087,21.597,22.691,22.654,32.047,19.532,24.222,32.715,28.089,11.701,9.178,9.178,9.180,20.007,20.007,11.855,10.159,11.603,26.983,6.374,21.649,21.649,21.649,21.649,21.649,21.649
NODE_414_length_4202_cov_14.4 - cas_IIIA translation,12.761,21.556,21.523,24.121,21.523,21.490,23.947,21.358,21.443,21.501,21.501,23.710,21.436,21.436,23.685,23.919,30.233,23.685,23.710,23.886,23.919,33.436,18.112,18.112,18.112,18.112,18.112,20.340,23.805,23.740,23.773,23.773,23.773,23.773,23.773,23.837,23.837,23.837,22.861,21.490,21.490,18.450,21.436,21.469,21.403,21.410,21.556,28.173,22.699,21.457,48.187,43.374,58.003,47.928,41.897,55.116,55.116,55.116,45.607,33.557,36.771,32.034,43.013,95.458,36.916,30.395,30.614,38.102,4.808,2.194,2.198,5.807,4.455,4.535,2.399,2.399,3.092,2.251,2.720,2.033,2.930,3.209,2.033,3.228,0.060,1.279,0.071,33.487,,7.391,19.102,0.137,1.237,3.358,0.212,8.482,1.739,0.072,1.625,16.068,2.300,0.385,17.431,49.682,22.852,22.852,22.852,8.643,20.622,20.642,20.609,24.499,31.759,15.119,38.904,38.904,38.904,38.904,38.904,38.904,38.904,38.904,38.904,38.904,38.904,38.904,38.904,8.752,38.904,43.814,1.656,1.371,75.769,2.596,3.233,1.793,20.999,1.544,21.527,0.705,1.033,5.938,20.523,16.534,16.598,16.592,31.273,12.041,18.622,25.519,47.797,7.015,5.133,5.133,5.134,22.180,22.180,7.151,5.094,6.940,35.988,0.522,38.904,38.904,38.904,38.904,38.904,38.904
NODE_625_length_9668_cov_49.0 - cas_IIIA translation,6.834,12.196,12.196,11.745,12.172,12.149,11.712,12.149,12.107,12.164,12.164,12.407,12.167,12.190,12.455,12.435,6.730,12.455,12.407,12.412,12.503,10.517,8.875,8.875,8.875,8.875,8.875,5.313,12.486,12.463,12.463,12.463,12.463,12.463,12.463,12.463,12.463,12.463,12.659,12.196,12.196,8.122,12.190,12.140,12.137,12.140,12.149,9.654,7.247,12.172,9.938,7.391,7.119,9.932,3.198,7.630,7.574,7.574,6.387,10.420,10.277,10.000,9.696,7.489,10.279,10.069,5.892,2.610,3.949,35.432,34.908,2.580,2.145,2.145,6.977,6.977,1.480,6.093,22.747,10.754,12.596,14.807,10.862,3.994,0.269,13.951,7.166,10.488,7.391,,10.579,7.708,14.668,3.001,1.788,16.114,7.387,7.149,8.409,1.522,5.231,0.720,8.907,7.789,10.836,10.836,10.836,14.568,67.174,66.916,66.887,10.620,2.072,50.996,12.673,12.673,12.673,12.673,12.673,12.673,12.673,12.673,12.673,12.673,12.673,12.673,12.673,10.107,12.673,9.055,2.046,2.968,7.601,1.820,3.970,49.263,2.090,59.987,12.161,4.663,64.436,2.630,66.648,9.446,8.990,7.751,6.690,7.479,8.419,8.152,7.072,2.341,3.126,3.126,7.371,8.614,8.614,2.309,1.356,2.299,8.988,9.058,12.673,12.673,12.673,12.673,12.673,12.673
NODE_106_length_11912_cov_265.3 - cas_IIIA translation,16.128,24.053,24.053,23.598,23.984,24.053,23.582,23.984,24.007,24.083,24.083,75.812,24.014,24.060,75.812,79.472,61.717,75.812,75.812,78.996,79.102,20.286,73.633,73.633,73.633,73.633,73.633,64.676,75.548,75.574,75.601,75.601,75.601,75.601,75.601,75.601,75.601,75.601,46.335,24.018,24.018,22.089,24.060,24.037,23.894,23.991,24.018,19.664,29.755,24.041,19.968,33.377,23.428,19.995,26.288,31.968,32.206,32.206,17.989,20.306,16.807,18.013,16.993,19.179,16.811,17.857,12.566,44.089,2.308,1.691,1.716,4.340,1.831,1.883,1.495,1.470,5.066,1.169,1.647,1.066,1.429,1.541,1.040,10.118,13.686,3.504,43.778,20.238,19.102,10.579,,32.075,2.924,10.123,4.333,9.540,2.228,42.589,2.732,36.473,11.147,6.737,55.278,27.501,19.030,19.030,19.030,36.191,18.977,18.968,18.925,6.015,17.051,9.211,41.704,41.704,41.704,41.704,41.704,41.704,41.704,41.704,41.704,41.704,41.704,41.704,41.704,15.164,41.680,33.961,10.205,13.483,19.025,9.894,10.126,2.529,12.956,3.805,24.077,8.301,5.428,4.433,18.851,18.796,27.463,27.391,13.115,20.980,17.807,12.918,15.913,11.056,13.151,13.151,24.458,15.915,15.915,10.313,11.501,11.097,15.828,12.177,41.704,41.704,41.704,41.704,41.704,41.704
NODE_260_length_5978_cov_61.9 - cas_IIIA translation,7.702,7.515,7.515,6.881,7.402,7.515,6.875,7.515,7.487,7.537,7.537,40.013,7.370,7.398,39.814,40.339,25.332,39.814,40.013,40.272,40.339,2.113,43.460,43.460,43.460,43.460,43.460,35.061,42.487,42.420,42.420,42.420,42.420,42.420,42.420,42.420,42.420,42.420,33.249,7.378,7.378,7.896,7.511,7.424,7.450,7.396,7.378,2.720,6.241,7.491,0.034,10.236,0.035,0.033,0.036,0.033,0.033,0.033,0.000,2.088,0.531,2.152,0.066,0.171,0.531,2.205,0.610,9.316,0.046,0.758,0.758,2.325,0.229,0.229,0.895,0.852,0.046,0.046,0.501,0.047,0.046,0.180,0.047,13.697,19.181,3.819,62.003,2.082,0.137,7.708,32.075,,3.017,2.895,8.404,5.587,1.859,60.045,2.715,10.972,9.498,9.691,36.202,0.566,4.133,4.133,4.133,21.387,7.676,7.682,7.682,0.000,0.000,1.714,25.911,25.911,25.911,25.911,25.911,25.911,25.911,25.911,25.911,25.911,25.911,25.911,25.911,7.408,25.881,18.834,8.749,13.188,0.755,8.529,13.761,2.259,1.254,4.224,7.478,10.622,7.576,2.282,7.588,8.833,13.210,13.337,0.597,10.602,7.083,0.974,0.035,4.542,6.827,6.827,16.771,2.221,2.221,3.655,6.225,4.593,0.679,22.853,25.911,25.911,25.911,25.911,25.911,25.911
NODE_2753_length_7411_cov_30.3 - cas_IIIA translation,4.848,7.751,7.724,7.250,7.724,7.779,7.244,7.724,7.669,7.690,7.690,3.392,7.720,7.692,3.518,3.494,2.066,3.518,3.392,3.494,3.494,6.568,3.680,3.680,3.680,3.680,3.680,2.592,3.496,3.496,3.496,3.496,3.496,3.496,3.496,3.496,3.496,3.496,3.133,7.669,7.669,8.105,7.720,7.718,7.715,7.690,7.669,7.525,2.826,7.669,1.268,1.775,0.851,1.300,1.349,1.260,1.260,1.260,1.290,6.512,7.095,6.943,3.374,1.334,7.065,7.215,11.535,2.033,2.934,16.332,16.424,1.826,2.362,2.362,14.609,14.564,1.230,8.428,9.028,6.643,8.040,8.476,6.558,3.776,0.593,24.841,2.725,6.658,1.237,14.668,2.924,3.017,,8.322,2.170,51.144,14.882,2.668,17.864,1.505,8.718,1.236,3.326,1.745,7.581,7.581,7.581,9.908,13.277,13.231,13.231,4.489,1.354,12.687,3.769,3.769,3.769,3.769,3.769,3.769,3.769,3.769,3.769,3.769,3.769,3.769,3.769,7.369,3.769,2.732,3.482,3.740,2.055,2.017,3.780,16.760,6.091,17.185,7.688,8.951,17.303,1.727,13.258,14.073,2.650,2.741,11.322,2.941,14.072,15.392,1.611,1.225,1.979,1.979,2.627,4.232,4.232,1.220,1.509,1.201,4.085,4.558,3.769,3.769,3.769,3.769,3.769,3.769
NODE_185_length_3780_cov_45.7 - cas_IIIA translation,7.061,45.356,45.306,54.201,45.257,44.763,54.201,44.960,44.170,44.598,44.598,9.996,44.466,44.417,10.085,10.123,14.101,10.085,9.996,10.208,10.166,96.989,10.166,10.166,10.166,10.166,10.166,11.843,10.175,10.175,10.175,10.175,10.175,10.175,10.175,10.175,10.175,10.175,12.611,44.763,44.763,44.516,44.516,45.010,45.136,44.862,45.059,73.040,10.051,44.763,25.806,21.053,7.097,24.946,17.489,17.382,17.382,17.382,25.161,96.237,13.667,13.737,3.575,4.412,13.571,12.647,16.585,21.648,0.967,5.643,5.577,2.581,0.314,0.419,14.965,15.066,20.730,2.030,3.721,1.929,1.929,2.730,1.927,4.925,2.711,12.929,2.043,97.527,3.358,3.001,10.123,2.895,8.322,,4.174,8.348,27.019,1.447,18.629,21.748,45.455,13.947,12.611,19.210,8.346,8.346,8.346,8.741,3.039,3.001,3.001,1.929,25.269,4.534,4.831,4.831,4.831,4.831,4.831,4.831,4.831,4.831,4.831,4.831,4.831,4.831,4.831,43.577,4.831,5.604,19.860,14.034,11.912,23.617,4.936,4.140,58.002,3.536,44.724,39.478,3.235,2.643,3.033,10.022,11.508,11.459,16.585,11.856,11.927,19.705,1.074,18.738,10.403,10.403,10.408,3.502,3.502,19.980,15.620,18.738,4.049,10.151,4.831,4.831,4.831,4.831,4.831,4.831
NODE_2830_length_3779_cov_72.3 - cas_IIIA translation,5.866,13.810,13.779,5.816,13.779,13.748,5.780,13.748,13.686,13.766,13.766,5.279,13.708,13.802,5.221,5.342,4.345,5.221,5.279,5.342,5.312,2.970,5.669,5.669,5.669,5.669,5.669,4.542,5.526,5.526,5.526,5.526,5.526,5.526,5.526,5.526,5.526,5.526,6.767,13.757,13.757,14.550,13.771,13.797,13.762,13.766,13.788,4.439,1.886,13.788,0.292,4.011,0.220,0.291,0.227,0.248,0.248,0.248,0.176,2.830,0.291,1.078,0.163,0.166,0.291,1.380,0.112,3.858,0.063,0.720,0.720,2.247,0.248,0.248,0.105,0.105,0.126,0.063,0.053,0.065,0.063,0.060,0.065,5.547,7.583,3.447,8.735,2.860,0.212,1.788,4.333,8.404,2.170,4.174,,1.909,2.837,7.980,3.696,4.727,17.966,5.683,7.190,0.198,13.816,13.816,13.816,3.211,1.786,1.816,1.816,0.000,0.049,0.611,3.238,3.238,3.238,3.238,3.238,3.238,3.238,3.238,3.238,3.238,3.238,3.238,3.238,13.667,3.238,2.211,8.293,7.493,1.233,4.844,5.556,0.733,0.197,1.074,13.638,20.372,1.893,2.198,1.784,7.019,5.696,6.299,0.146,11.643,2.636,1.257,0.134,2.572,8.227,8.227,3.864,2.413,2.413,1.630,3.216,2.572,0.584,4.319,3.238,3.238,3.238,3.238,3.238,3.238
NODE_23_length_7843_cov_174.2 - cas_IIIA translation,9.540,13.701,13.646,13.219,13.646,13.701,13.151,13.591,13.537,13.580,13.580,11.337,13.635,13.608,11.416,11.444,7.540,11.416,11.337,11.368,11.393,12.852,12.047,12.047,12.047,12.047,12.047,8.506,11.424,11.424,11.424,11.424,11.424,11.424,11.424,11.424,11.424,11.424,11.077,13.674,13.674,14.339,13.635,13.635,13.604,13.608,13.646,13.885,7.521,13.674,8.010,8.511,7.932,7.938,8.583,7.994,8.026,8.026,8.257,12.898,13.182,12.750,9.645,8.544,13.218,13.049,25.442,9.085,1.566,11.518,11.530,2.623,1.174,1.174,9.492,9.454,0.777,4.376,5.317,4.463,4.366,4.738,4.385,2.419,0.519,18.307,5.409,12.944,8.482,16.114,9.540,5.587,51.144,8.348,1.909,,10.596,5.366,12.600,5.903,8.404,1.109,11.836,8.250,13.154,13.154,13.154,18.254,24.722,24.685,24.655,9.141,6.828,19.390,12.229,12.229,12.229,12.229,12.229,12.229,12.229,12.229,12.229,12.229,12.229,12.229,12.229,8.683,12.229,8.814,2.904,3.217,9.048,1.524,2.421,12.123,10.577,16.490,13.631,8.301,18.802,2.526,24.655,25.285,20.852,13.930,24.937,7.048,26.611,28.488,8.205,2.699,3.448,3.448,6.193,9.298,9.298,2.741,3.047,2.699,10.353,7.466,12.229,12.229,12.229,12.229,12.229,12.229
NODE_376_length_4138_cov_18.6 - cas_IIIA translation,5.741,9.762,9.762,10.956,9.762,9.729,10.908,9.762,9.696,9.654,9.654,2.500,9.755,9.788,2.501,2.737,3.347,2.501,2.500,2.707,2.737,15.213,2.921,2.921,2.921,2.921,2.921,3.262,2.739,2.739,2.739,2.739,2.739,2.739,2.739,2.739,2.739,2.739,5.643,9.696,9.696,10.386,9.788,9.720,9.684,9.687,9.598,13.144,3.665,9.631,2.352,3.413,1.496,2.451,2.384,2.126,2.126,2.126,2.518,14.881,11.579,11.356,5.756,1.996,11.635,10.842,9.142,3.908,4.500,17.724,17.969,1.522,4.876,4.876,58.662,58.845,2.885,32.507,18.243,14.756,16.129,17.387,14.581,6.111,2.319,47.894,1.496,15.205,1.739,7.387,2.228,1.859,14.882,27.019,2.837,10.596,,1.293,68.016,3.956,11.573,3.460,6.098,2.885,8.380,8.380,8.380,10.761,6.221,6.227,6.227,9.091,2.847,9.543,2.228,2.228,2.228,2.228,2.228,2.228,2.228,2.228,2.228,2.228,2.228,2.228,2.228,9.135,2.228,2.468,8.419,6.143,3.762,5.104,6.061,13.584,12.128,11.194,9.651,11.894,9.722,1.475,6.212,6.454,3.909,3.847,8.858,4.017,7.179,9.765,2.496,2.037,1.790,1.790,1.791,5.147,5.147,2.082,2.482,2.037,6.421,7.697,2.228,2.228,2.228,2.228,2.228,2.228
NODE_120_length_4989_cov_56.2 - cas_IIIA translation,7.207,7.014,7.014,5.990,6.930,7.014,6.042,7.042,7.014,7.064,7.064,51.079,6.926,7.010,51.279,53.573,31.605,51.279,51.079,53.207,53.440,1.056,57.746,57.746,57.746,57.746,57.746,45.760,48.921,49.020,49.020,49.020,49.020,49.020,49.020,49.020,49.020,49.020,21.422,6.990,6.990,7.398,6.982,6.952,6.978,6.952,6.962,1.872,6.780,7.046,0.036,3.721,0.037,0.035,0.038,0.035,0.035,0.035,0.000,1.059,0.158,1.959,0.035,0.035,0.158,2.046,0.000,5.020,0.050,0.312,0.312,2.603,0.298,0.298,0.043,0.043,0.050,0.050,0.043,0.052,0.050,0.048,0.052,9.212,31.970,3.317,97.284,1.056,0.072,7.149,42.589,60.045,2.668,1.447,7.980,5.366,1.293,,2.083,5.978,8.894,4.403,23.312,0.034,4.092,4.092,4.092,27.628,7.143,7.175,7.149,0.000,0.000,1.094,31.469,31.469,31.469,31.469,31.469,31.469,31.469,31.469,31.469,31.469,31.469,31.469,31.469,6.992,31.438,21.358,5.605,10.769,0.433,3.875,9.224,1.742,0.000,3.793,7.034,9.947,6.948,2.557,7.054,8.453,11.464,11.267,0.000,8.410,6.976,0.563,0.038,2.107,5.121,5.121,18.625,2.392,2.392,1.142,3.843,2.107,0.540,21.057,31.469,31.469,31.469,31.469,31.469,31.469
NODE_710_length_5787_cov_14.4 - cas_IIIA translation,5.915,13.544,13.544,15.173,13.576,13.512,15.121,13.544,13.480,13.434,13.434,3.127,13.568,13.600,3.128,3.324,3.588,3.128,3.127,3.296,3.324,12.500,3.490,3.490,3.490,3.490,3.490,3.907,3.326,3.326,3.326,3.326,3.326,3.326,3.326,3.326,3.326,3.326,5.709,13.512,13.512,14.330,13.568,13.499,13.494,13.499,13.415,16.811,3.688,13.415,2.082,2.845,1.300,2.163,1.937,1.817,1.817,1.817,2.112,12.225,9.627,9.688,4.857,1.792,9.672,10.426,7.495,3.174,3.600,14.471,14.648,2.846,4.078,4.078,43.416,43.546,2.073,25.522,13.612,10.175,11.795,12.686,10.058,5.500,2.226,62.151,2.269,12.495,1.625,8.409,2.732,2.715,17.864,18.629,3.696,12.600,68.016,2.083,,2.987,16.144,2.446,6.105,2.477,8.885,8.885,8.885,10.250,7.162,7.168,7.168,6.731,2.234,9.872,3.892,3.892,3.892,3.892,3.892,3.892,3.892,3.892,3.892,3.892,3.892,3.892,3.892,12.830,3.892,4.302,14.313,11.803,3.232,3.733,5.459,14.747,9.064,12.308,13.494,16.704,10.467,2.837,7.151,7.056,3.839,4.170,7.373,4.763,7.475,8.962,2.153,1.797,1.908,1.908,2.009,5.134,5.134,1.861,2.197,1.797,5.409,6.942,3.892,3.892,3.892,3.892,3.892,3.892
NODE_437_length_3540_cov_14.0 - cas_IIIA translation,5.000,14.393,14.393,16.667,14.393,14.393,16.643,14.393,14.507,14.375,14.375,33.949,14.458,14.416,33.878,36.430,50.418,33.878,33.949,36.301,36.473,26.408,36.559,36.559,36.559,36.559,36.559,42.721,36.634,36.634,36.677,36.677,36.677,36.677,36.677,36.634,36.634,36.634,29.647,14.363,14.363,14.458,14.458,14.499,14.375,14.422,14.405,21.262,20.919,14.363,33.759,80.491,36.066,33.679,62.646,62.529,62.295,62.295,33.679,26.687,19.108,15.516,20.148,16.525,19.108,14.434,15.157,92.991,6.689,2.714,2.857,1.788,5.011,5.234,3.810,3.717,19.558,2.516,3.436,2.951,2.951,3.337,2.838,19.112,11.373,2.195,7.871,26.256,16.068,1.522,36.473,10.972,1.505,21.748,4.727,5.903,3.956,5.978,2.987,,9.349,29.802,29.647,53.263,9.981,9.981,9.981,9.834,6.138,6.107,6.107,15.601,27.491,8.705,6.499,6.499,6.499,6.499,6.499,6.499,6.499,6.499,6.499,6.499,6.499,6.499,6.499,9.610,6.499,7.498,21.034,15.125,14.802,40.625,19.157,2.092,31.800,1.879,14.410,5.461,1.733,1.848,6.126,7.087,19.574,19.651,15.157,15.526,8.109,12.614,18.014,27.517,16.266,16.266,16.232,9.078,9.078,25.190,22.191,27.724,17.193,2.771,6.499,6.499,6.499,6.499,6.499,6.499
NODE_660_length_7032_cov_28.9 - cas_IIIA translation,12.631,68.067,68.100,56.867,68.567,67.500,56.777,67.700,67.133,67.333,67.333,13.413,67.821,67.122,13.501,13.560,9.662,13.501,13.413,13.616,13.588,31.446,14.009,14.009,14.009,14.009,14.009,13.101,13.556,13.584,13.584,13.584,13.584,13.584,13.584,13.584,13.584,13.584,13.684,67.478,67.478,71.652,67.322,67.965,67.676,67.965,68.079,41.997,8.333,67.478,9.273,7.889,3.247,9.194,6.751,6.625,6.625,6.625,9.431,31.054,5.511,5.929,2.156,2.627,5.481,6.787,6.369,8.599,0.642,3.186,3.149,6.464,0.316,0.356,6.358,6.400,8.477,1.013,1.891,0.941,1.055,1.391,0.942,2.831,1.745,14.681,9.400,31.668,2.300,5.231,11.147,9.498,8.718,45.455,17.966,8.404,11.573,8.894,16.144,9.349,,6.223,14.442,7.122,16.860,16.860,16.860,12.528,5.887,5.892,5.892,0.970,9.736,4.327,11.420,11.420,11.420,11.420,11.420,11.420,11.420,11.420,11.420,11.420,11.420,11.420,11.420,65.452,11.420,10.497,13.882,15.516,4.949,10.108,2.834,4.859,23.766,5.260,67.277,86.271,5.935,6.412,5.826,16.730,10.101,12.079,6.320,17.361,10.400,8.694,1.354,5.149,9.892,9.892,8.653,5.328,5.328,5.233,5.677,5.149,2.413,13.319,11.420,11.420,11.420,11.420,11.420,11.420
NODE_1589_length_2107_cov_15.6 - cas_IIIA translation,0.654,4.664,4.664,5.198,4.664,4.664,5.192,4.664,4.617,4.659,4.659,8.502,4.596,4.596,8.538,8.475,10.890,8.538,8.502,8.508,8.508,7.089,9.159,9.159,9.159,9.159,9.159,10.439,8.513,8.513,8.513,8.513,8.513,8.513,8.513,8.513,8.513,8.513,8.577,4.602,4.602,4.858,4.596,4.562,4.659,4.596,4.667,6.211,4.197,4.667,6.394,16.764,0.066,6.246,5.598,4.818,4.753,4.753,6.763,7.172,2.111,1.849,1.066,0.514,2.112,1.760,2.398,20.031,0.750,1.783,1.786,0.101,0.727,0.727,3.108,3.108,17.597,1.226,1.895,1.341,1.236,1.550,1.343,18.681,10.319,1.749,5.710,7.186,0.385,0.720,6.737,9.691,1.236,13.947,5.683,1.109,3.460,4.403,2.446,29.802,6.223,,9.359,6.112,1.378,1.378,1.378,1.648,0.719,0.689,0.689,0.924,8.071,1.203,0.468,0.468,0.468,0.468,0.468,0.468,0.468,0.468,0.468,0.468,0.468,0.468,0.468,4.636,0.468,0.557,29.467,20.335,0.856,62.804,18.729,1.272,11.952,1.120,4.658,7.082,1.053,0.101,0.718,1.424,7.708,7.738,2.311,7.738,1.564,2.199,0.067,9.689,6.906,6.906,6.880,1.216,1.216,8.078,10.063,9.730,1.952,2.977,0.468,0.468,0.468,0.468,0.468,0.468
NODE_517_length_9170_cov_18.2 - cas_IIIA translation,14.224,26.497,26.557,26.431,26.466,26.497,26.344,26.497,26.375,26.472,26.472,54.658,26.351,26.381,54.711,55.243,39.719,54.711,54.658,55.141,55.175,23.444,55.243,55.243,55.243,55.243,55.243,47.190,55.228,55.159,55.194,55.194,55.194,55.194,55.194,55.194,55.194,55.194,100.000,26.361,26.361,26.472,26.472,26.472,26.464,26.472,26.513,22.296,28.248,26.421,20.733,46.358,29.497,20.732,28.504,28.504,28.540,28.540,20.732,23.424,17.051,17.298,17.390,17.502,17.085,16.907,12.761,37.832,2.631,2.284,2.318,4.995,2.190,2.190,1.950,1.916,6.652,1.352,2.079,1.354,1.815,1.962,1.318,9.809,5.864,6.883,24.546,23.377,17.431,8.907,55.278,36.202,3.326,12.611,7.190,11.836,6.098,23.312,6.105,29.647,14.442,9.359,,30.109,18.146,18.146,18.146,25.684,19.891,19.907,19.880,6.480,16.648,9.855,31.901,31.901,31.901,31.901,31.901,31.901,31.901,31.901,31.901,31.901,31.901,31.901,31.901,15.033,31.871,24.802,15.246,17.683,18.160,13.377,9.820,3.272,13.007,4.848,26.373,11.260,7.243,4.989,19.727,18.275,33.199,32.781,12.761,25.115,14.825,12.874,16.449,12.951,14.286,14.286,24.858,15.837,15.837,12.003,13.198,13.035,16.386,19.594,31.901,31.901,31.901,31.901,31.901,31.901
NODE_1626_length_4649_cov_32.5 - cas_IIIA translation,13.342,25.796,25.862,29.083,25.862,25.862,29.013,25.763,25.932,25.836,25.836,34.063,25.836,25.836,34.207,34.550,44.078,34.207,34.063,34.550,34.550,40.498,28.330,28.330,28.330,28.330,28.330,31.978,34.606,34.540,34.573,34.573,34.573,34.573,34.573,34.640,34.640,34.640,35.292,25.713,25.713,22.979,25.836,25.836,25.704,25.845,25.813,33.848,43.879,25.713,57.014,68.936,68.953,57.025,63.150,77.091,77.167,77.167,55.390,40.658,41.733,36.248,47.080,49.682,41.697,34.406,30.629,62.793,5.830,3.139,3.195,4.861,4.179,4.179,3.678,3.616,14.469,3.100,3.931,2.965,4.040,4.263,2.890,5.036,0.054,1.952,0.034,40.395,49.682,7.789,27.501,0.566,1.745,19.210,0.198,8.250,2.885,0.034,2.477,53.263,7.122,6.112,30.109,,25.870,25.870,25.870,12.319,20.116,20.103,20.071,20.368,45.473,14.144,22.250,22.250,22.250,22.250,22.250,22.250,22.250,22.250,22.250,22.250,22.250,22.250,22.250,12.821,22.250,24.850,8.878,7.050,41.074,13.675,5.044,2.618,35.814,2.348,25.795,3.125,1.761,4.985,19.987,16.630,21.185,21.211,31.404,16.947,18.757,25.652,45.719,13.141,9.475,9.475,9.477,24.143,24.143,13.518,10.903,13.141,38.919,1.437,22.250,22.250,22.250,22.250,22.250,22.250
NODE_518_length_8223_cov_34.8 - cas_IIIA translation,19.182,33.109,33.170,25.551,33.170,33.140,25.436,33.109,33.170,33.201,33.201,23.189,33.140,33.201,23.081,23.231,23.174,23.081,23.189,23.231,23.231,24.667,19.022,19.022,19.022,19.022,19.022,18.446,23.117,23.117,23.117,23.117,23.117,23.117,23.117,23.145,23.145,23.145,21.647,33.201,33.201,30.989,33.170,33.017,33.099,33.079,33.231,23.883,19.835,33.170,22.724,24.445,24.779,22.660,19.515,25.047,25.047,25.047,19.944,24.752,61.029,70.395,48.491,22.843,60.642,74.420,21.463,19.612,2.713,6.020,6.026,5.187,2.197,2.235,9.018,8.942,2.350,4.507,6.193,4.709,5.166,5.658,4.747,4.649,2.362,8.291,4.048,24.633,22.852,10.836,19.030,4.133,7.581,8.346,13.816,13.154,8.380,4.092,8.885,9.981,16.860,1.378,18.146,25.870,,100.000,100.000,48.677,20.871,20.861,20.833,10.995,13.177,13.709,19.135,19.135,19.135,19.135,19.135,19.135,19.135,19.135,19.135,19.135,19.135,19.135,19.135,22.120,19.135,18.586,3.546,4.234,21.758,2.865,4.654,5.809,13.063,5.645,33.068,15.582,5.937,5.341,20.760,23.792,16.119,16.931,22.129,18.842,19.579,20.538,30.716,5.540,11.578,11.578,6.848,35.310,35.310,5.468,4.893,5.540,35.342,3.096,19.135,19.135,19.135,19.135,19.135,19.135
NODE_316_length_7854_cov_28.4 - cas_IIIA translation,19.182,33.109,33.170,25.551,33.170,33.140,25.436,33.109,33.170,33.201,33.201,23.189,33.140,33.201,23.081,23.231,23.174,23.081,23.189,23.231,23.231,24.667,19.022,19.022,19.022,19.022,19.022,18.446,23.117,23.117,23.117,23.117,23.117,23.117,23.117,23.145,23.145,23.145,21.647,33.201,33.201,30.989,33.170,33.017,33.099,33.079,33.231,23.883,19.835,33.170,22.724,24.445,24.779,22.660,19.515,25.047,25.047,25.047,19.944,24.752,61.029,70.395,48.491,22.843,60.642,74.420,21.463,19.612,2.713,6.020,6.026,5.187,2.197,2.235,9.018,8.942,2.350,4.507,6.193,4.709,5.166,5.658,4.747,4.649,2.362,8.291,4.048,24.633,22.852,10.836,19.030,4.133,7.581,8.346,13.816,13.154,8.380,4.092,8.885,9.981,16.860,1.378,18.146,25.870,100.000,,100.000,48.677,20.871,20.861,20.833,10.995,13.177,13.709,19.135,19.135,19.135,19.135,19.135,19.135,19.135,19.135,19.135,19.135,19.135,19.135,19.135,22.120,19.135,18.586,3.546,4.234,21.758,2.865,4.654,5.809,13.063,5.645,33.068,15.582,5.937,5.341,20.760,23.792,16.119,16.931,22.129,18.842,19.579,20.538,30.716,5.540,11.578,11.578,6.848,35.310,35.310,5.468,4.893,5.540,35.342,3.096,19.135,19.135,19.135,19.135,19.135,19.135
NODE_504_length_8550_cov_73.1 - cas_IIIA translation,19.182,33.109,33.170,25.551,33.170,33.140,25.436,33.109,33.170,33.201,33.201,23.189,33.140,33.201,23.081,23.231,23.174,23.081,23.189,23.231,23.231,24.667,19.022,19.022,19.022,19.022,19.022,18.446,23.117,23.117,23.117,23.117,23.117,23.117,23.117,23.145,23.145,23.145,21.647,33.201,33.201,30.989,33.170,33.017,33.099,33.079,33.231,23.883,19.835,33.170,22.724,24.445,24.779,22.660,19.515,25.047,25.047,25.047,19.944,24.752,61.029,70.395,48.491,22.843,60.642,74.420,21.463,19.612,2.713,6.020,6.026,5.187,2.197,2.235,9.018,8.942,2.350,4.507,6.193,4.709,5.166,5.658,4.747,4.649,2.362,8.291,4.048,24.633,22.852,10.836,19.030,4.133,7.581,8.346,13.816,13.154,8.380,4.092,8.885,9.981,16.860,1.378,18.146,25.870,100.000,100.000,,48.677,20.871,20.861,20.833,10.995,13.177,13.709,19.135,19.135,19.135,19.135,19.135,19.135,19.135,19.135,19.135,19.135,19.135,19.135,19.135,22.120,19.135,18.586,3.546,4.234,21.758,2.865,4.654,5.809,13.063,5.645,33.068,15.582,5.937,5.341,20.760,23.792,16.119,16.931,22.129,18.842,19.579,20.538,30.716,5.540,11.578,11.578,6.848,35.310,35.310,5.468,4.893,5.540,35.342,3.096,19.135,19.135,19.135,19.135,19.135,19.135
NODE_224_length_6186_cov_18.6 - cas_IIIA translation,11.075,17.858,17.933,16.967,17.896,17.933,16.910,17.896,17.896,17.950,17.950,35.936,17.839,17.913,35.684,36.153,13.933,35.684,35.936,36.115,35.964,14.071,36.115,36.115,36.115,36.115,36.115,23.483,36.067,36.105,36.105,36.105,36.105,36.105,36.105,36.105,36.105,36.105,25.684,17.970,17.970,17.913,17.876,17.839,17.906,17.839,17.970,12.768,11.858,17.858,9.359,11.328,10.625,9.345,11.450,11.450,11.550,11.550,9.295,14.064,45.730,51.473,31.250,8.689,45.882,50.238,13.966,11.029,2.525,6.453,6.422,3.360,1.993,2.043,11.735,11.633,1.949,5.115,7.218,5.879,5.879,6.531,5.927,7.010,5.368,10.443,27.470,14.027,8.643,14.568,36.191,21.387,9.908,8.741,3.211,18.254,10.761,27.628,10.250,9.834,12.528,1.648,25.684,12.319,48.677,48.677,48.677,,19.242,19.262,19.227,11.041,6.720,11.815,28.114,28.114,28.114,28.114,28.114,28.114,28.114,28.114,28.114,28.114,28.114,28.114,28.114,12.863,28.079,16.467,3.557,5.760,8.643,2.595,6.975,7.247,13.597,8.886,17.906,11.747,12.123,3.359,19.136,15.485,14.668,13.846,13.966,8.860,12.339,12.569,15.922,3.871,6.990,6.990,29.512,19.985,19.985,3.927,4.596,3.871,22.163,22.729,28.114,28.114,28.114,28.114,28.114,28.114
NODE_284_length_9556_cov_35.4 - cas_IIIA translation,13.174,30.321,30.321,30.280,30.294,30.240,30.116,30.213,30.148,30.270,30.270,22.530,30.216,30.243,22.586,22.745,16.331,22.586,22.530,22.694,22.795,30.311,18.706,18.706,18.706,18.706,18.706,14.714,22.782,22.756,22.756,22.756,22.756,22.756,22.756,22.756,22.756,22.756,23.367,30.510,30.510,26.561,30.243,30.323,30.127,30.216,30.375,28.879,16.178,30.483,31.826,19.509,20.079,31.500,14.885,19.955,19.955,19.955,28.371,30.437,21.569,20.676,21.380,20.705,21.607,20.652,15.686,14.310,2.606,32.084,31.516,5.821,2.124,2.124,5.648,5.616,1.670,4.577,19.404,8.908,9.301,11.542,8.875,2.795,0.268,12.731,7.160,30.251,20.622,67.174,18.977,7.676,13.277,3.039,1.786,24.722,6.221,7.143,7.162,6.138,5.887,0.719,19.891,20.116,20.871,20.871,20.871,19.242,,99.196,99.163,22.381,17.113,68.143,23.844,23.844,23.844,23.844,23.844,23.844,23.844,23.844,23.844,23.844,23.844,23.844,23.844,13.284,23.844,19.766,2.183,3.107,20.237,1.975,2.768,45.819,12.500,56.866,30.288,4.687,62.910,5.901,99.231,17.951,17.224,15.842,16.396,12.957,16.925,17.748,18.516,4.594,5.242,5.242,9.961,17.803,17.803,4.547,3.486,4.501,20.056,8.989,23.844,23.844,23.844,23.844,23.844,23.844
NODE_182_length_9375_cov_112.5 - cas_IIIA translation,13.248,30.265,30.265,30.222,30.238,30.184,30.113,30.211,30.146,30.213,30.213,22.522,30.159,30.186,22.578,22.737,16.293,22.578,22.522,22.686,22.787,30.219,18.694,18.694,18.694,18.694,18.694,14.700,22.774,22.748,22.748,22.748,22.748,22.748,22.748,22.748,22.748,22.748,23.385,30.454,30.454,26.527,30.186,30.267,30.178,30.159,30.319,28.846,16.142,30.427,31.726,19.527,20.132,31.400,14.834,19.909,19.909,19.909,28.297,30.465,21.558,20.665,21.368,20.726,21.596,20.641,15.700,14.257,2.608,31.716,31.648,5.884,2.126,2.126,5.654,5.622,1.639,4.582,19.491,8.951,9.344,11.587,8.850,2.797,0.269,12.771,7.192,30.159,20.642,66.916,18.968,7.682,13.231,3.001,1.816,24.685,6.227,7.175,7.168,6.107,5.892,0.689,19.907,20.103,20.861,20.861,20.861,19.262,99.196,,99.899,22.670,17.059,67.452,23.889,23.889,23.889,23.889,23.889,23.889,23.889,23.889,23.889,23.889,23.889,23.889,23.889,13.294,23.889,19.808,2.158,3.085,20.256,1.946,2.771,45.932,12.435,56.656,30.232,4.690,62.739,5.965,98.663,17.965,17.212,15.829,16.411,12.967,16.938,17.764,18.534,4.574,5.224,5.224,9.967,17.791,17.791,4.526,3.466,4.481,20.044,8.998,23.889,23.889,23.889,23.889,23.889,23.889
NODE_332_length_9177_cov_87.1 - cas_IIIA translation,13.248,30.238,30.238,30.194,30.211,30.157,30.086,30.184,30.119,30.186,30.186,22.471,30.132,30.159,22.527,22.686,16.267,22.527,22.471,22.635,22.737,30.189,18.644,18.644,18.644,18.644,18.644,14.649,22.723,22.697,22.697,22.697,22.697,22.697,22.697,22.697,22.697,22.697,23.360,30.427,30.427,26.498,30.159,30.240,30.151,30.132,30.292,28.817,16.118,30.400,31.693,19.496,20.099,31.367,14.802,19.876,19.876,19.876,28.263,30.435,21.527,20.635,21.335,20.693,21.565,20.612,15.700,14.224,2.608,31.716,31.648,5.884,2.126,2.126,5.654,5.622,1.639,4.582,19.491,8.951,9.344,11.587,8.850,2.797,0.269,12.771,7.166,30.129,20.609,66.887,18.925,7.682,13.231,3.001,1.816,24.655,6.227,7.149,7.168,6.107,5.892,0.689,19.880,20.071,20.833,20.833,20.833,19.227,99.163,99.899,,22.670,17.059,67.452,23.837,23.837,23.837,23.837,23.837,23.837,23.837,23.837,23.837,23.837,23.837,23.837,23.837,13.294,23.837,19.756,2.158,3.085,20.225,1.946,2.771,45.966,12.435,56.689,30.205,4.690,62.772,5.965,98.629,17.965,17.187,15.829,16.411,12.967,16.938,17.764,18.501,4.551,5.203,5.203,9.924,17.765,17.765,4.503,3.443,4.458,20.012,8.998,23.837,23.837,23.837,23.837,23.837,23.837
NODE_4211_length_2243_cov_10.0 - cas_IIIA translation,4.670,12.179,12.179,14.174,12.179,12.179,14.055,12.179,12.156,12.163,12.163,5.760,12.121,12.121,5.762,6.057,8.252,5.762,5.760,6.015,6.015,22.465,6.015,6.015,6.015,6.015,6.015,6.987,6.020,6.020,6.020,6.020,6.020,6.020,6.020,6.020,6.020,6.020,6.480,12.389,12.389,12.121,12.121,12.163,12.079,12.042,12.221,18.114,6.023,12.347,49.831,16.811,25.709,48.567,23.762,23.762,23.762,23.762,48.567,23.077,23.204,18.213,35.666,22.911,23.315,16.746,14.742,14.919,8.231,20.214,20.428,3.343,5.804,5.804,12.915,12.796,3.723,21.063,29.559,47.519,47.519,41.919,46.857,3.721,0.096,4.793,0.000,22.465,24.499,10.620,6.015,0.000,4.489,1.929,0.000,9.141,9.091,0.000,6.731,15.601,0.970,0.924,6.480,20.368,10.995,10.995,10.995,11.041,22.381,22.670,22.670,,21.464,33.269,6.463,6.463,6.463,6.463,6.463,6.463,6.463,6.463,6.463,6.463,6.463,6.463,6.463,2.484,6.463,7.468,1.289,0.933,15.743,2.426,3.730,14.976,31.969,12.380,12.200,0.471,11.398,3.415,22.333,5.822,5.680,5.636,14.742,2.858,6.679,10.648,26.190,3.762,2.263,2.263,2.264,11.263,11.263,3.793,3.058,3.630,23.991,0.159,6.463,6.463,6.463,6.463,6.463,6.463
NODE_1209_length_2662_cov_9.8 - cas_IIIA translation,7.216,25.696,25.658,29.303,25.658,25.658,29.222,25.658,25.624,25.629,25.629,16.741,25.442,25.479,16.859,17.088,22.516,16.859,16.741,17.051,17.051,43.140,17.088,17.088,17.088,17.088,17.088,19.542,17.100,17.138,17.100,17.100,17.100,17.100,17.100,17.100,17.100,17.100,16.648,25.668,25.668,25.442,25.442,25.479,25.291,25.564,25.668,35.843,16.995,25.706,78.261,36.773,39.579,77.107,50.996,50.664,50.885,50.885,77.221,43.810,23.272,19.548,30.589,30.385,23.195,18.353,19.453,37.122,6.979,3.534,3.665,5.390,4.737,4.842,3.546,3.546,24.452,5.092,4.696,5.429,6.298,5.859,5.206,3.978,0.000,1.734,0.000,43.331,31.759,2.072,17.051,0.000,1.354,25.269,0.049,6.828,2.847,0.000,2.234,27.491,9.736,8.071,16.648,45.473,13.177,13.177,13.177,6.720,17.113,17.059,17.059,21.464,,15.541,11.262,11.262,11.262,11.262,11.262,11.262,11.262,11.262,11.262,11.262,11.262,11.262,11.262,10.885,11.262,12.808,10.640,8.014,23.304,17.921,3.985,2.827,40.258,2.484,25.657,4.379,1.951,5.378,17.045,9.204,13.660,13.728,19.453,11.191,10.582,15.216,29.801,11.089,7.429,7.429,7.399,12.571,12.571,11.404,9.468,11.040,22.463,1.134,11.262,11.262,11.262,11.262,11.262,11.262
NODE_216_length_5383_cov_40.0 - cas_IIIA translation,7.594,18.591,18.521,20.955,18.521,18.486,20.812,18.451,18.394,18.537,18.537,9.017,18.432,18.432,9.019,9.242,10.361,9.019,9.017,9.211,9.211,23.687,9.180,9.180,9.180,9.180,9.180,10.238,9.185,9.185,9.185,9.185,9.185,9.185,9.185,9.185,9.185,9.185,9.855,18.661,18.661,18.432,18.432,18.467,18.356,18.432,18.521,22.902,9.003,18.626,24.986,13.858,14.188,24.604,13.822,13.822,13.878,13.878,24.774,23.879,17.925,16.763,17.308,15.302,17.977,16.738,13.004,12.924,3.381,55.294,54.294,4.595,2.534,2.534,8.767,8.712,1.642,6.933,33.059,15.235,15.235,19.176,15.176,3.519,0.387,7.921,1.153,23.784,15.119,50.996,9.211,1.714,12.687,4.534,0.611,19.390,9.543,1.094,9.872,8.705,4.327,1.203,9.855,14.144,13.709,13.709,13.709,11.815,68.143,67.452,67.452,33.269,15.541,,10.307,10.307,10.307,10.307,10.307,10.307,10.307,10.307,10.307,10.307,10.307,10.307,10.307,5.941,10.307,11.529,2.551,2.470,14.979,2.202,3.478,67.507,18.020,58.119,18.495,3.746,53.436,4.593,68.019,11.137,7.954,8.150,13.004,5.147,11.765,15.388,13.707,3.756,3.144,3.144,3.624,12.532,12.532,3.734,3.611,3.641,16.701,2.456,10.307,10.307,10.307,10.307,10.307,10.307
NODE_170_length_9647_cov_41.6 - cas_IIIA translation,19.139,28.205,28.177,27.722,28.063,28.148,27.581,28.006,27.928,28.181,28.181,50.906,27.896,27.982,50.763,51.051,32.508,50.763,50.906,50.936,50.993,21.649,45.831,45.831,45.831,45.831,45.831,36.395,54.540,54.425,54.454,54.454,54.454,54.454,54.454,54.511,54.511,54.511,35.571,28.034,28.034,25.879,28.067,28.039,27.982,27.990,28.120,22.963,21.685,28.063,20.351,22.117,23.255,20.268,17.810,23.429,23.429,23.429,18.130,21.616,18.401,17.528,18.556,40.484,18.467,17.821,15.309,17.880,1.942,1.763,1.850,5.832,1.828,1.860,1.535,1.504,1.307,0.954,1.571,0.860,1.241,1.365,0.860,3.214,1.969,4.728,31.428,21.649,38.904,12.673,41.704,25.911,3.769,4.831,3.238,12.229,2.228,31.469,3.892,6.499,11.420,0.468,31.901,22.250,19.135,19.135,19.135,28.114,23.844,23.889,23.837,6.463,11.262,10.307,,100.000,100.000,100.000,100.000,100.000,100.000,100.000,100.000,100.000,100.000,100.000,100.000,16.608,99.966,88.803,2.924,6.791,51.177,1.563,3.217,3.098,8.304,4.525,28.145,10.214,6.564,5.917,23.684,23.143,21.817,22.019,15.954,15.491,21.672,16.122,19.078,4.698,6.289,6.289,18.204,16.736,16.736,4.699,3.989,4.652,17.637,14.673,100.000,100.000,100.000,100.000,100.000,100.000
NODE_104_length_9487_cov_39.8 - cas_IIIA translation,19.139,28.205,28.177,27.722,28.063,28.148,27.581,28.006,27.928,28.181,28.181,50.906,27.896,27.982,50.763,51.051,32.508,50.763,50.906,50.936,50.993,21.649,45.831,45.831,45.831,45.831,45.831,36.395,54.540,54.425,54.454,54.454,54.454,54.454,54.454,54.511,54.511,54.511,35.571,28.034,28.034,25.879,28.067,28.039,27.982,27.990,28.120,22.963,21.685,28.063,20.351,22.117,23.255,20.268,17.810,23.429,23.429,23.429,18.130,21.616,18.401,17.528,18.556,40.484,18.467,17.821,15.309,17.880,1.942,1.763,1.850,5.832,1.828,1.860,1.535,1.504,1.307,0.954,1.571,0.860,1.241,1.365,0.860,3.214,1.969,4.728,31.428,21.649,38.904,12.673,41.704,25.911,3.769,4.831,3.238,12.229,2.228,31.469,3.892,6.499,11.420,0.468,31.901,22.250,19.135,19.135,19.135,28.114,23.844,23.889,23.837,6.463,11.262,10.307,100.000,,100.000,100.000,100.000,100.000,100.000,100.000,100.000,100.000,100.000,100.000,100.000,16.608,99.966,88.803,2.924,6.791,51.177,1.563,3.217,3.098,8.304,4.525,28.145,10.214,6.564,5.917,23.684,23.143,21.817,22.019,15.954,15.491,21.672,16.122,19.078,4.698,6.289,6.289,18.204,16.736,16.736,4.699,3.989,4.652,17.637,14.673,100.000,100.000,100.000,100.000,100.000,100.000
NODE_308_length_9174_cov_30.8 - cas_IIIA translation,19.139,28.205,28.177,27.722,28.063,28.148,27.581,28.006,27.928,28.181,28.181,50.906,27.896,27.982,50.763,51.051,32.508,50.763,50.906,50.936,50.993,21.649,45.831,45.831,45.831,45.831,45.831,36.395,54.540,54.425,54.454,54.454,54.454,54.454,54.454,54.511,54.511,54.511,35.571,28.034,28.034,25.879,28.067,28.039,27.982,27.990,28.120,22.963,21.685,28.063,20.351,22.117,23.255,20.268,17.810,23.429,23.429,23.429,18.130,21.616,18.401,17.528,18.556,40.484,18.467,17.821,15.309,17.880,1.942,1.763,1.850,5.832,1.828,1.860,1.535,1.504,1.307,0.954,1.571,0.860,1.241,1.365,0.860,3.214,1.969,4.728,31.428,21.649,38.904,12.673,41.704,25.911,3.769,4.831,3.238,12.229,2.228,31.469,3.892,6.499,11.420,0.468,31.901,22.250,19.135,19.135,19.135,28.114,23.844,23.889,23.837,6.463,11.262,10.307,100.000,100.000,,100.000,100.000,100.000,100.000,100.000,100.000,100.000,100.000,100.000,100.000,16.608,99.966,88.803,2.924,6.791,51.177,1.563,3.217,3.098,8.304,4.525,28.145,10.214,6.564,5.917,23.684,23.143,21.817,22.019,15.954,15.491,21.672,16.122,19.078,4.698,6.289,6.289,18.204,16.736,16.736,4.699,3.989,4.652,17.637,14.673,100.000,100.000,100.000,100.000,100.000,100.000
NODE_85_length_9449_cov_26.8 - cas_IIIA translation,19.139,28.205,28.177,27.722,28.063,28.148,27.581,28.006,27.928,28.181,28.181,50.906,27.896,27.982,50.763,51.051,32.508,50.763,50.906,50.936,50.993,21.649,45.831,45.831,45.831,45.831,45.831,36.395,54.540,54.425,54.454,54.454,54.454,54.454,54.454,54.511,54.511,54.511,35.571,28.034,28.034,25.879,28.067,28.039,27.982,27.990,28.120,22.963,21.685,28.063,20.351,22.117,23.255,20.268,17.810,23.429,23.429,23.429,18.130,21.616,18.401,17.528,18.556,40.484,18.467,17.821,15.309,17.880,1.942,1.763,1.850,5.832,1.828,1.860,1.535,1.504,1.307,0.954,1.571,0.860,1.241,1.365,0.860,3.214,1.969,4.728,31.428,21.649,38.904,12.673,41.704,25.911,3.769,4.831,3.238,12.229,2.228,31.469,3.892,6.499,11.420,0.468,31.901,22.250,19.135,19.135,19.135,28.114,23.844,23.889,23.837,6.463,11.262,10.307,100.000,100.000,100.000,,100.000,100.000,100.000,100.000,100.000,100.000,100.000,100.000,100.000,16.608,99.966,88.803,2.924,6.791,51.177,1.563,3.217,3.098,8.304,4.525,28.145,10.214,6.564,5.917,23.684,23.143,21.817,22.019,15.954,15.491,21.672,16.122,19.078,4.698,6.289,6.289,18.204,16.736,16.736,4.699,3.989,4.652,17.637,14.673,100.000,100.000,100.000,100.000,100.000,100.000
NODE_314_length_9037_cov_30.4 - cas_IIIA translation,19.139,28.205,28.177,27.722,28.063,28.148,27.581,28.006,27.928,28.181,28.181,50.906,27.896,27.982,50.763,51.051,32.508,50.763,50.906,50.936,50.993,21.649,45.831,45.831,45.831,45.831,45.831,36.395,54.540,54.425,54.454,54.454,54.454,54.454,54.454,54.511,54.511,54.511,35.571,28.034,28.034,25.879,28.067,28.039,27.982,27.990,28.120,22.963,21.685,28.063,20.351,22.117,23.255,20.268,17.810,23.429,23.429,23.429,18.130,21.616,18.401,17.528,18.556,40.484,18.467,17.821,15.309,17.880,1.942,1.763,1.850,5.832,1.828,1.860,1.535,1.504,1.307,0.954,1.571,0.860,1.241,1.365,0.860,3.214,1.969,4.728,31.428,21.649,38.904,12.673,41.704,25.911,3.769,4.831,3.238,12.229,2.228,31.469,3.892,6.499,11.420,0.468,31.901,22.250,19.135,19.135,19.135,28.114,23.844,23.889,23.837,6.463,11.262,10.307,100.000,100.000,100.000,100.000,,100.000,100.000,100.000,100.000,100.000,100.000,100.000,100.000,16.608,99.966,88.803,2.924,6.791,51.177,1.563,3.217,3.098,8.304,4.525,28.145,10.214,6.564,5.917,23.684,23.143,21.817,22.019,15.954,15.491,21.672,16.122,19.078,4.698,6.289,6.289,18.204,16.736,16.736,4.699,3.989,4.652,17.637,14.673,100.000,100.000,100.000,100.000,100.000,100.000
NODE_211_length_9715_cov_85.1 - cas_IIIA translation,19.139,28.205,28.177,27.722,28.063,28.148,27.581,28.006,27.928,28.181,28.181,50.906,27.896,27.982,50.763,51.051,32.508,50.763,50.906,50.936,50.993,21.649,45.831,45.831,45.831,45.831,45.831,36.395,54.540,54.425,54.454,54.454,54.454,54.454,54.454,54.511,54.511,54.511,35.571,28.034,28.034,25.879,28.067,28.039,27.982,27.990,28.120,22.963,21.685,28.063,20.351,22.117,23.255,20.268,17.810,23.429,23.429,23.429,18.130,21.616,18.401,17.528,18.556,40.484,18.467,17.821,15.309,17.880,1.942,1.763,1.850,5.832,1.828,1.860,1.535,1.504,1.307,0.954,1.571,0.860,1.241,1.365,0.860,3.214,1.969,4.728,31.428,21.649,38.904,12.673,41.704,25.911,3.769,4.831,3.238,12.229,2.228,31.469,3.892,6.499,11.420,0.468,31.901,22.250,19.135,19.135,19.135,28.114,23.844,23.889,23.837,6.463,11.262,10.307,100.000,100.000,100.000,100.000,100.000,,100.000,100.000,100.000,100.000,100.000,100.000,100.000,16.608,99.966,88.803,2.924,6.791,51.177,1.563,3.217,3.098,8.304,4.525,28.145,10.214,6.564,5.917,23.684,23.143,21.817,22.019,15.954,15.491,21.672,16.122,19.078,4.698,6.289,6.289,18.204,16.736,16.736,4.699,3.989,4.652,17.637,14.673,100.000,100.000,100.000,100.000,100.000,100.000
NODE_129_length_9591_cov_44.5 - cas_IIIA translation,19.139,28.205,28.177,27.722,28.063,28.148,27.581,28.006,27.928,28.181,28.181,50.906,27.896,27.982,50.763,51.051,32.508,50.763,50.906,50.936,50.993,21.649,45.831,45.831,45.831,45.831,45.831,36.395,54.540,54.425,54.454,54.454,54.454,54.454,54.454,54.511,54.511,54.511,35.571,28.034,28.034,25.879,28.067,28.039,27.982,27.990,28.120,22.963,21.685,28.063,20.351,22.117,23.255,20.268,17.810,23.429,23.429,23.429,18.130,21.616,18.401,17.528,18.556,40.484,18.467,17.821,15.309,17.880,1.942,1.763,1.850,5.832,1.828,1.860,1.535,1.504,1.307,0.954,1.571,0.860,1.241,1.365,0.860,3.214,1.969,4.728,31.428,21.649,38.904,12.673,41.704,25.911,3.769,4.831,3.238,12.229,2.228,31.469,3.892,6.499,11.420,0.468,31.901,22.250,19.135,19.135,19.135,28.114,23.844,23.889,23.837,6.463,11.262,10.307,100.000,100.000,100.000,100.000,100.000,100.000,,100.000,100.000,100.000,100.000,100.000,100.000,16.608,99.966,88.803,2.924,6.791,51.177,1.563,3.217,3.098,8.304,4.525,28.145,10.214,6.564,5.917,23.684,23.143,21.817,22.019,15.954,15.491,21.672,16.122,19.078,4.698,6.289,6.289,18.204,16.736,16.736,4.699,3.989,4.652,17.637,14.673,100.000,100.000,100.000,100.000,100.000,100.000
NODE_93_length_9540_cov_48.5 - cas_IIIA translation,19.139,28.205,28.177,27.722,28.063,28.148,27.581,28.006,27.928,28.181,28.181,50.906,27.896,27.982,50.763,51.051,32.508,50.763,50.906,50.936,50.993,21.649,45.831,45.831,45.831,45.831,45.831,36.395,54.540,54.425,54.454,54.454,54.454,54.454,54.454,54.511,54.511,54.511,35.571,28.034,28.034,25.879,28.067,28.039,27.982,27.990,28.120,22.963,21.685,28.063,20.351,22.117,23.255,20.268,17.810,23.429,23.429,23.429,18.130,21.616,18.401,17.528,18.556,40.484,18.467,17.821,15.309,17.880,1.942,1.763,1.850,5.832,1.828,1.860,1.535,1.504,1.307,0.954,1.571,0.860,1.241,1.365,0.860,3.214,1.969,4.728,31.428,21.649,38.904,12.673,41.704,25.911,3.769,4.831,3.238,12.229,2.228,31.469,3.892,6.499,11.420,0.468,31.901,22.250,19.135,19.135,19.135,28.114,23.844,23.889,23.837,6.463,11.262,10.307,100.000,100.000,100.000,100.000,100.000,100.000,100.000,,100.000,100.000,100.000,100.000,100.000,16.608,99.966,88.803,2.924,6.791,51.177,1.563,3.217,3.098,8.304,4.525,28.145,10.214,6.564,5.917,23.684,23.143,21.817,22.019,15.954,15.491,21.672,16.122,19.078,4.698,6.289,6.289,18.204,16.736,16.736,4.699,3.989,4.652,17.637,14.673,100.000,100.000,100.000,100.000,100.000,100.000
NODE_83_length_9510_cov_27.9 - cas_IIIA translation,19.139,28.205,28.177,27.722,28.063,28.148,27.581,28.006,27.928,28.181,28.181,50.906,27.896,27.982,50.763,51.051,32.508,50.763,50.906,50.936,50.993,21.649,45.831,45.831,45.831,45.831,45.831,36.395,54.540,54.425,54.454,54.454,54.454,54.454,54.454,54.511,54.511,54.511,35.571,28.034,28.034,25.879,28.067,28.039,27.982,27.990,28.120,22.963,21.685,28.063,20.351,22.117,23.255,20.268,17.810,23.429,23.429,23.429,18.130,21.616,18.401,17.528,18.556,40.484,18.467,17.821,15.309,17.880,1.942,1.763,1.850,5.832,1.828,1.860,1.535,1.504,1.307,0.954,1.571,0.860,1.241,1.365,0.860,3.214,1.969,4.728,31.428,21.649,38.904,12.673,41.704,25.911,3.769,4.831,3.238,12.229,2.228,31.469,3.892,6.499,11.420,0.468,31.901,22.250,19.135,19.135,19.135,28.114,23.844,23.889,23.837,6.463,11.262,10.307,100.000,100.000,100.000,100.000,100.000,100.000,100.000,100.000,,100.000,100.000,100.000,100.000,16.608,99.966,88.803,2.924,6.791,51.177,1.563,3.217,3.098,8.304,4.525,28.145,10.214,6.564,5.917,23.684,23.143,21.817,22.019,15.954,15.491,21.672,16.122,19.078,4.698,6.289,6.289,18.204,16.736,16.736,4.699,3.989,4.652,17.637,14.673,100.000,100.000,100.000,100.000,100.000,100.000
NODE_119_length_9483_cov_38.0 - cas_IIIA translation,19.139,28.205,28.177,27.722,28.063,28.148,27.581,28.006,27.928,28.181,28.181,50.906,27.896,27.982,50.763,51.051,32.508,50.763,50.906,50.936,50.993,21.649,45.831,45.831,45.831,45.831,45.831,36.395,54.540,54.425,54.454,54.454,54.454,54.454,54.454,54.511,54.511,54.511,35.571,28.034,28.034,25.879,28.067,28.039,27.982,27.990,28.120,22.963,21.685,28.063,20.351,22.117,23.255,20.268,17.810,23.429,23.429,23.429,18.130,21.616,18.401,17.528,18.556,40.484,18.467,17.821,15.309,17.880,1.942,1.763,1.850,5.832,1.828,1.860,1.535,1.504,1.307,0.954,1.571,0.860,1.241,1.365,0.860,3.214,1.969,4.728,31.428,21.649,38.904,12.673,41.704,25.911,3.769,4.831,3.238,12.229,2.228,31.469,3.892,6.499,11.420,0.468,31.901,22.250,19.135,19.135,19.135,28.114,23.844,23.889,23.837,6.463,11.262,10.307,100.000,100.000,100.000,100.000,100.000,100.000,100.000,100.000,100.000,,100.000,100.000,100.000,16.608,99.966,88.803,2.924,6.791,51.177,1.563,3.217,3.098,8.304,4.525,28.145,10.214,6.564,5.917,23.684,23.143,21.817,22.019,15.954,15.491,21.672,16.122,19.078,4.698,6.289,6.289,18.204,16.736,16.736,4.699,3.989,4.652,17.637,14.673,100.000,100.000,100.000,100.000,100.000,100.000
NODE_129_length_9554_cov_13.2 - cas_IIIA translation,19.139,28.205,28.177,27.722,28.063,28.148,27.581,28.006,27.928,28.181,28.181,50.906,27.896,27.982,50.763,51.051,32.508,50.763,50.906,50.936,50.993,21.649,45.831,45.831,45.831,45.831,45.831,36.395,54.540,54.425,54.454,54.454,54.454,54.454,54.454,54.511,54.511,54.511,35.571,28.034,28.034,25.879,28.067,28.039,27.982,27.990,28.120,22.963,21.685,28.063,20.351,22.117,23.255,20.268,17.810,23.429,23.429,23.429,18.130,21.616,18.401,17.528,18.556,40.484,18.467,17.821,15.309,17.880,1.942,1.763,1.850,5.832,1.828,1.860,1.535,1.504,1.307,0.954,1.571,0.860,1.241,1.365,0.860,3.214,1.969,4.728,31.428,21.649,38.904,12.673,41.704,25.911,3.769,4.831,3.238,12.229,2.228,31.469,3.892,6.499,11.420,0.468,31.901,22.250,19.135,19.135,19.135,28.114,23.844,23.889,23.837,6.463,11.262,10.307,100.000,100.000,100.000,100.000,100.000,100.000,100.000,100.000,100.000,100.000,,100.000,100.000,16.608,99.966,88.803,2.924,6.791,51.177,1.563,3.217,3.098,8.304,4.525,28.145,10.214,6.564,5.917,23.684,23.143,21.817,22.019,15.954,15.491,21.672,16.122,19.078,4.698,6.289,6.289,18.204,16.736,16.736,4.699,3.989,4.652,17.637,14.673,100.000,100.000,100.000,100.000,100.000,100.000
NODE_127_length_11809_cov_64.4 - cas_IIIA translation,19.139,28.205,28.177,27.722,28.063,28.148,27.581,28.006,27.928,28.181,28.181,50.906,27.896,27.982,50.763,51.051,32.508,50.763,50.906,50.936,50.993,21.649,45.831,45.831,45.831,45.831,45.831,36.395,54.540,54.425,54.454,54.454,54.454,54.454,54.454,54.511,54.511,54.511,35.571,28.034,28.034,25.879,28.067,28.039,27.982,27.990,28.120,22.963,21.685,28.063,20.351,22.117,23.255,20.268,17.810,23.429,23.429,23.429,18.130,21.616,18.401,17.528,18.556,40.484,18.467,17.821,15.309,17.880,1.942,1.763,1.850,5.832,1.828,1.860,1.535,1.504,1.307,0.954,1.571,0.860,1.241,1.365,0.860,3.214,1.969,4.728,31.428,21.649,38.904,12.673,41.704,25.911,3.769,4.831,3.238,12.229,2.228,31.469,3.892,6.499,11.420,0.468,31.901,22.250,19.135,19.135,19.135,28.114,23.844,23.889,23.837,6.463,11.262,10.307,100.000,100.000,100.000,100.000,100.000,100.000,100.000,100.000,100.000,100.000,100.000,,100.000,16.608,99.966,88.803,2.924,6.791,51.177,1.563,3.217,3.098,8.304,4.525,28.145,10.214,6.564,5.917,23.684,23.143,21.817,22.019,15.954,15.491,21.672,16.122,19.078,4.698,6.289,6.289,18.204,16.736,16.736,4.699,3.989,4.652,17.637,14.673,100.000,100.000,100.000,100.000,100.000,100.000
NODE_234_length_9518_cov_70.7 - cas_IIIA translation,19.139,28.205,28.177,27.722,28.063,28.148,27.581,28.006,27.928,28.181,28.181,50.906,27.896,27.982,50.763,51.051,32.508,50.763,50.906,50.936,50.993,21.649,45.831,45.831,45.831,45.831,45.831,36.395,54.540,54.425,54.454,54.454,54.454,54.454,54.454,54.511,54.511,54.511,35.571,28.034,28.034,25.879,28.067,28.039,27.982,27.990,28.120,22.963,21.685,28.063,20.351,22.117,23.255,20.268,17.810,23.429,23.429,23.429,18.130,21.616,18.401,17.528,18.556,40.484,18.467,17.821,15.309,17.880,1.942,1.763,1.850,5.832,1.828,1.860,1.535,1.504,1.307,0.954,1.571,0.860,1.241,1.365,0.860,3.214,1.969,4.728,31.428,21.649,38.904,12.673,41.704,25.911,3.769,4.831,3.238,12.229,2.228,31.469,3.892,6.499,11.420,0.468,31.901,22.250,19.135,19.135,19.135,28.114,23.844,23.889,23.837,6.463,11.262,10.307,100.000,100.000,100.000,100.000,100.000,100.000,100.000,100.000,100.000,100.000,100.000,100.000,,16.608,99.966,88.803,2.924,6.791,51.177,1.563,3.217,3.098,8.304,4.525,28.145,10.214,6.564,5.917,23.684,23.143,21.817,22.019,15.954,15.491,21.672,16.122,19.078,4.698,6.289,6.289,18.204,16.736,16.736,4.699,3.989,4.652,17.637,14.673,100.000,100.000,100.000,100.000,100.000,100.000
NODE_61_length_9235_cov_105.3 - cas_IIIA translation,16.032,71.790,71.696,61.231,71.728,71.603,61.267,71.884,71.384,71.598,71.598,18.045,71.754,71.723,18.182,18.266,14.630,18.182,18.045,18.292,18.292,38.046,14.135,14.135,14.135,14.135,14.135,13.332,18.287,18.314,18.314,18.314,18.314,18.314,18.314,18.314,18.314,18.314,18.440,72.446,72.446,69.848,71.567,72.035,71.669,71.941,72.102,46.523,12.747,71.915,17.307,13.654,9.387,17.135,7.742,12.605,12.543,12.543,13.639,38.363,11.677,11.892,8.525,9.057,11.620,12.699,10.568,9.483,1.100,2.731,2.702,7.237,0.642,0.642,5.365,5.430,6.722,1.101,1.712,0.972,1.066,1.323,0.972,2.895,1.325,11.983,7.387,38.046,8.752,10.107,15.164,7.408,7.369,43.577,13.667,8.683,9.135,6.992,12.830,9.610,65.452,4.636,15.033,12.821,22.120,22.120,22.120,12.863,13.284,13.294,13.294,2.484,10.885,5.941,16.608,16.608,16.608,16.608,16.608,16.608,16.608,16.608,16.608,16.608,16.608,16.608,16.608,,16.608,15.824,11.133,12.620,11.224,8.026,2.897,4.070,23.360,4.409,71.919,62.383,4.940,7.319,13.242,20.856,13.716,15.577,11.372,20.183,14.788,13.531,7.156,6.198,10.643,10.643,9.466,9.931,9.931,6.246,5.439,6.152,7.777,10.108,16.608,16.608,16.608,16.608,16.608,16.608
NODE_431_length_9825_cov_76.1 - cas_IIIA translation,19.139,28.205,28.177,27.722,28.063,28.148,27.581,28.006,27.928,28.181,28.181,50.878,27.896,27.982,50.734,51.022,32.508,50.734,50.878,50.907,50.965,21.649,45.802,45.802,45.802,45.802,45.802,36.395,54.511,54.396,54.425,54.425,54.425,54.425,54.425,54.483,54.483,54.483,35.543,28.034,28.034,25.879,28.067,28.039,27.982,27.990,28.120,22.963,21.685,28.063,20.351,22.117,23.255,20.268,17.810,23.429,23.429,23.429,18.130,21.616,18.401,17.528,18.556,40.484,18.467,17.821,15.309,17.880,1.942,1.763,1.850,5.832,1.828,1.860,1.535,1.504,1.307,0.954,1.571,0.860,1.241,1.365,0.860,3.214,1.969,4.728,31.397,21.649,38.904,12.673,41.680,25.881,3.769,4.831,3.238,12.229,2.228,31.438,3.892,6.499,11.420,0.468,31.871,22.250,19.135,19.135,19.135,28.079,23.844,23.889,23.837,6.463,11.262,10.307,99.966,99.966,99.966,99.966,99.966,99.966,99.966,99.966,99.966,99.966,99.966,99.966,99.966,16.608,,88.803,2.924,6.791,51.177,1.563,3.217,3.098,8.304,4.525,28.145,10.214,6.564,5.917,23.684,23.143,21.817,22.019,15.954,15.491,21.672,16.122,19.078,4.698,6.289,6.289,18.182,16.736,16.736,4.699,3.989,4.652,17.637,14.643,99.966,99.966,99.966,99.966,99.966,99.966
NODE_118_length_8447_cov_21.3 - cas_IIIA translation,18.837,27.647,27.617,30.504,27.530,27.588,30.345,27.442,27.363,27.622,27.622,41.381,27.360,27.418,41.266,41.578,35.964,41.266,41.381,41.463,41.578,23.988,36.371,36.371,36.371,36.371,36.371,40.216,45.172,45.056,45.085,45.085,45.085,45.085,45.085,45.143,45.143,45.143,28.999,27.472,27.472,25.231,27.506,27.477,27.418,27.426,27.559,25.343,21.827,27.501,22.789,24.643,26.114,22.693,19.936,26.215,26.215,26.215,20.411,23.954,20.442,19.357,20.708,45.554,20.516,19.679,17.043,20.127,2.180,1.977,2.074,6.347,2.048,2.084,1.709,1.675,1.497,1.066,1.746,0.962,1.387,1.525,0.962,3.596,2.193,4.251,21.370,23.988,43.814,9.055,33.961,18.834,2.732,5.604,2.211,8.814,2.468,21.358,4.302,7.498,10.497,0.557,24.802,24.850,18.586,18.586,18.586,16.467,19.766,19.808,19.756,7.468,12.808,11.529,88.803,88.803,88.803,88.803,88.803,88.803,88.803,88.803,88.803,88.803,88.803,88.803,88.803,15.824,88.803,,3.212,6.732,57.586,1.774,3.600,3.407,9.541,4.920,27.585,9.244,4.269,6.440,19.585,22.829,18.254,20.726,17.720,15.020,22.202,17.862,21.431,5.113,5.706,5.706,10.900,17.647,17.647,5.121,4.371,5.063,19.603,7.231,88.803,88.803,88.803,88.803,88.803,88.803
NODE_960_length_5088_cov_15.4 - cas_IIIA translation,2.422,12.118,12.147,13.452,12.147,12.059,13.406,12.089,12.089,12.078,12.078,12.396,11.965,12.023,12.396,12.489,15.436,12.396,12.396,12.547,12.547,13.452,13.290,13.290,13.290,13.290,13.290,14.833,12.554,12.554,12.554,12.554,12.554,12.554,12.554,12.554,12.554,12.554,14.140,11.979,11.979,12.619,11.994,11.903,12.045,12.020,12.125,15.713,9.714,12.096,9.686,15.751,4.103,9.583,8.818,8.073,8.031,8.031,10.018,13.336,2.976,3.986,2.348,1.740,2.939,4.427,2.673,17.816,2.514,3.458,3.460,1.263,1.749,1.806,3.074,3.074,24.416,2.175,2.672,2.251,2.426,2.537,2.254,16.143,9.346,10.771,6.562,13.407,1.656,2.046,10.205,8.749,3.482,19.860,8.293,2.904,8.419,5.605,14.313,21.034,13.882,29.467,15.246,8.878,3.546,3.546,3.546,3.557,2.183,2.158,2.158,1.289,10.640,2.551,2.924,2.924,2.924,2.924,2.924,2.924,2.924,2.924,2.924,2.924,2.924,2.924,2.924,11.133,2.924,3.212,,68.869,2.460,45.430,16.170,3.124,12.493,2.749,12.045,10.901,2.509,1.259,2.153,2.807,12.324,12.413,2.608,13.038,3.120,3.916,1.404,9.787,8.329,8.329,8.438,2.919,2.919,8.604,11.345,9.818,2.665,4.426,2.924,2.924,2.924,2.924,2.924,2.924
NODE_180_length_8114_cov_27.3 - cas_IIIA translation,3.957,13.578,13.606,14.457,13.606,13.523,14.414,13.550,13.523,13.539,13.539,16.368,13.432,13.459,16.368,16.463,15.704,16.368,16.368,16.548,16.520,10.801,17.305,17.305,17.305,17.305,17.305,18.069,16.600,16.629,16.629,16.629,16.629,16.629,16.629,16.629,16.629,16.629,16.534,13.419,13.419,14.047,13.432,13.372,13.508,13.483,13.558,13.056,15.131,13.530,7.669,12.471,3.344,7.592,6.729,6.453,6.419,6.419,7.730,10.702,2.441,3.316,1.917,1.436,2.410,3.641,2.160,13.587,1.865,2.640,2.641,2.755,1.275,1.316,2.254,2.254,17.776,1.511,1.972,1.589,1.772,1.864,1.591,11.960,6.512,10.280,11.703,10.766,1.371,2.968,13.483,13.188,3.740,14.034,7.493,3.217,6.143,10.769,11.803,15.125,15.516,20.335,17.683,7.050,4.234,4.234,4.234,5.760,3.107,3.085,3.085,0.933,8.014,2.470,6.791,6.791,6.791,6.791,6.791,6.791,6.791,6.791,6.791,6.791,6.791,6.791,6.791,12.620,6.791,6.732,68.869,,2.045,32.434,11.974,3.357,9.150,3.399,13.508,12.694,3.460,2.781,3.103,4.613,13.333,13.492,2.180,13.689,4.095,3.242,1.200,8.219,8.698,8.698,9.640,3.280,3.280,7.206,9.580,8.245,2.228,6.147,6.791,6.791,6.791,6.791,6.791,6.791
NODE_299_length_5345_cov_30.5 - cas_IIIA translation,13.605,24.170,24.137,27.115,24.137,24.104,26.937,23.972,23.882,24.146,24.146,23.466,23.982,23.982,23.442,23.635,29.631,23.442,23.466,23.604,23.635,37.570,18.055,18.055,18.055,18.055,18.055,20.201,23.526,23.464,23.495,23.495,23.495,23.495,23.495,23.557,23.557,23.557,23.431,24.071,24.071,21.204,24.047,24.080,23.982,24.022,24.170,31.629,21.983,24.038,37.864,39.725,44.692,37.678,33.000,43.412,43.412,43.412,35.026,37.596,32.708,29.734,34.063,78.951,32.833,28.347,27.621,34.509,3.715,2.892,3.040,5.421,3.455,3.516,2.767,2.712,2.430,1.771,2.797,1.599,2.305,2.528,1.599,3.711,0.680,2.577,0.563,37.622,75.769,7.601,19.025,0.755,2.055,11.912,1.233,9.048,3.762,0.433,3.232,14.802,4.949,0.856,18.160,41.074,21.758,21.758,21.758,8.643,20.237,20.256,20.225,15.743,23.304,14.979,51.177,51.177,51.177,51.177,51.177,51.177,51.177,51.177,51.177,51.177,51.177,51.177,51.177,11.224,51.177,57.586,2.460,2.045,,2.815,3.717,2.513,19.220,2.160,24.171,3.415,1.636,5.581,20.143,17.047,17.121,17.147,28.312,12.710,19.111,26.137,36.829,7.031,5.358,5.358,5.359,20.836,20.836,7.123,5.387,6.961,31.036,1.898,51.177,51.177,51.177,51.177,51.177,51.177
NODE_841_length_2698_cov_13.6 - cas_IIIA translation,1.555,8.984,8.984,10.044,8.984,8.984,10.033,8.984,8.987,8.976,8.976,12.500,8.881,8.881,12.537,12.442,15.941,12.537,12.500,12.475,12.475,13.730,13.156,13.156,13.156,13.156,13.156,14.976,12.483,12.483,12.483,12.483,12.483,12.483,12.483,12.483,12.483,12.483,12.413,8.893,8.893,9.245,8.881,8.780,8.911,8.881,8.990,11.903,8.020,8.958,15.036,24.194,6.494,14.866,14.063,12.589,12.524,12.524,15.831,13.692,4.421,3.882,3.624,2.723,4.367,3.699,3.956,28.960,4.673,3.857,3.862,0.326,3.036,3.138,5.416,5.416,54.793,4.037,4.604,4.417,4.745,4.835,4.423,19.316,7.821,2.727,5.025,13.724,2.596,1.820,9.894,8.529,2.017,23.617,4.844,1.524,5.104,3.875,3.733,40.625,10.108,62.804,13.377,13.675,2.865,2.865,2.865,2.595,1.975,1.946,1.946,2.426,17.921,2.202,1.563,1.563,1.563,1.563,1.563,1.563,1.563,1.563,1.563,1.563,1.563,1.563,1.563,8.026,1.563,1.774,45.430,32.434,2.815,,19.360,2.894,22.299,2.513,8.973,6.264,2.148,0.371,1.941,2.379,11.012,11.042,3.929,10.870,2.595,3.582,2.321,13.031,9.307,9.307,9.281,2.579,2.579,11.432,13.353,13.071,4.050,2.559,1.563,1.563,1.563,1.563,1.563,1.563
NODE_2169_length_5219_cov_31.9 - cas_IIIA translation,2.227,4.442,4.442,4.902,4.442,4.442,4.931,4.472,4.472,4.468,4.468,12.566,4.469,4.439,12.205,12.705,15.993,12.205,12.566,12.607,12.640,6.098,13.540,13.540,13.540,13.540,13.540,15.317,12.714,12.779,12.746,12.746,12.746,12.746,12.746,12.714,12.714,12.714,9.065,4.444,4.444,4.641,4.439,4.407,4.436,4.468,4.475,5.811,5.417,4.414,4.343,13.066,3.967,4.334,4.980,4.541,4.541,4.541,4.538,6.208,4.116,5.931,3.638,3.339,4.071,6.000,3.675,15.398,35.508,8.153,8.057,1.404,15.560,15.560,5.518,5.518,3.366,4.912,8.892,5.694,9.635,9.692,5.768,99.164,18.532,4.168,10.229,6.095,3.233,3.970,10.126,13.761,3.780,4.936,5.556,2.421,6.061,9.224,5.459,19.157,2.834,18.729,9.820,5.044,4.654,4.654,4.654,6.975,2.768,2.771,2.771,3.730,3.985,3.478,3.217,3.217,3.217,3.217,3.217,3.217,3.217,3.217,3.217,3.217,3.217,3.217,3.217,2.897,3.217,3.600,16.170,11.974,3.717,19.360,,6.547,5.571,5.658,4.467,2.650,3.364,1.357,2.764,2.605,8.388,8.757,3.566,7.445,2.863,3.794,3.743,7.351,6.504,6.504,7.035,3.716,3.716,6.033,9.258,7.386,3.996,1.079,3.217,3.217,3.217,3.217,3.217,3.217
NODE_283_length_5544_cov_27.5 - cas_IIIA translation,3.409,5.037,5.037,5.615,5.037,5.007,5.610,5.037,4.952,5.003,5.003,3.054,5.034,5.034,3.028,3.055,2.451,3.028,3.054,3.055,3.055,4.283,3.241,3.241,3.241,3.241,3.241,3.580,3.084,3.057,3.057,3.057,3.057,3.057,3.057,3.057,3.057,3.057,3.068,5.007,5.007,5.292,5.034,4.974,5.001,5.003,4.978,4.614,2.662,4.978,2.630,2.501,1.726,2.670,2.499,2.277,2.277,2.277,2.736,4.139,6.651,6.480,5.539,1.998,6.654,6.584,3.155,2.822,7.176,68.179,70.619,1.904,3.606,3.606,13.193,13.133,2.442,11.841,46.047,21.607,25.362,29.842,21.146,6.584,0.477,11.406,1.802,4.281,1.793,49.263,2.529,2.259,16.760,4.140,0.733,12.123,13.584,1.742,14.747,2.092,4.859,1.272,3.272,2.618,5.809,5.809,5.809,7.247,45.819,45.932,45.966,14.976,2.827,67.507,3.098,3.098,3.098,3.098,3.098,3.098,3.098,3.098,3.098,3.098,3.098,3.098,3.098,4.070,3.098,3.407,3.124,3.357,2.513,2.894,6.547,,2.940,80.239,5.001,4.677,69.110,1.822,45.876,4.665,2.247,2.268,3.078,2.353,4.575,5.275,2.754,1.410,1.608,1.608,2.126,5.300,5.300,1.407,1.655,1.381,5.850,3.122,3.098,3.098,3.098,3.098,3.098,3.098
NODE_3757_length_2884_cov_21.7 - cas_IIIA translation,6.933,35.844,35.887,41.953,35.887,35.758,41.839,35.931,36.031,35.711,35.711,12.705,35.668,35.538,12.911,12.996,17.625,12.911,12.705,13.037,13.037,67.623,13.037,13.037,13.037,13.037,13.037,15.093,13.047,13.047,13.047,13.047,13.047,13.047,13.047,13.047,13.047,13.047,13.007,35.152,35.152,35.668,35.668,35.668,35.452,35.640,35.411,53.576,12.711,35.108,60.523,31.734,23.427,61.137,33.837,33.721,33.605,33.605,61.137,66.941,26.598,21.182,16.098,22.045,26.495,19.560,29.832,31.250,6.002,3.788,3.871,3.315,3.497,3.607,17.184,17.295,23.286,2.895,5.294,3.671,3.671,4.435,3.444,5.559,0.074,6.532,0.243,67.377,20.999,2.090,12.956,1.254,6.091,58.002,0.197,10.577,12.128,0.000,9.064,31.800,23.766,11.952,13.007,35.814,13.063,13.063,13.063,13.597,12.500,12.435,12.435,31.969,40.258,18.020,8.304,8.304,8.304,8.304,8.304,8.304,8.304,8.304,8.304,8.304,8.304,8.304,8.304,23.360,8.304,9.541,12.493,9.150,19.220,22.299,5.571,2.940,,2.500,35.739,18.445,2.300,3.374,12.475,11.654,11.664,11.620,29.832,8.908,13.576,21.450,14.668,13.498,8.324,8.324,8.327,7.770,7.770,13.935,11.100,13.313,15.132,4.245,8.304,8.304,8.304,8.304,8.304,8.304
NODE_876_length_5671_cov_9.1 - cas_IIIA translation,3.571,5.324,5.324,5.832,5.324,5.297,5.827,5.324,5.217,5.292,5.292,4.529,5.321,5.321,4.530,4.557,2.314,4.530,4.529,4.532,4.557,3.822,4.820,4.820,4.820,4.820,4.820,5.232,4.585,4.559,4.559,4.559,4.559,4.559,4.559,4.559,4.559,4.559,4.549,5.297,5.297,5.580,5.321,5.265,5.291,5.292,5.269,4.136,2.634,5.269,2.355,2.260,1.482,2.390,2.258,2.082,2.082,2.082,2.433,3.693,5.761,5.660,4.772,1.725,5.763,5.794,2.763,2.554,5.997,56.423,57.112,1.893,3.052,3.052,10.792,10.741,2.148,9.462,37.045,17.382,20.369,24.063,17.165,5.691,0.407,17.058,3.836,3.821,1.544,59.987,3.805,4.224,17.185,3.536,1.074,16.490,11.194,3.793,12.308,1.879,5.260,1.120,4.848,2.348,5.645,5.645,5.645,8.886,56.866,56.656,56.689,12.380,2.484,58.119,4.525,4.525,4.525,4.525,4.525,4.525,4.525,4.525,4.525,4.525,4.525,4.525,4.525,4.409,4.525,4.920,2.749,3.399,2.160,2.513,5.658,80.239,2.500,,5.291,5.115,86.614,1.818,56.704,5.686,2.703,3.447,2.704,3.517,4.659,4.712,2.274,1.396,1.718,1.718,3.506,4.845,4.845,1.367,1.592,1.370,5.087,5.433,4.525,4.525,4.525,4.525,4.525,4.525
NODE_293_length_10022_cov_80.8 - cas_IIIA translation,22.985,98.294,98.227,87.023,98.361,98.227,86.869,98.294,97.659,98.696,98.696,28.994,98.196,98.129,29.085,29.317,25.795,29.085,28.994,29.344,29.344,62.245,24.875,24.875,24.875,24.875,24.875,24.287,29.253,29.281,29.281,29.281,29.281,29.281,29.281,29.281,29.281,29.281,29.747,98.495,98.495,97.791,97.962,98.096,97.963,98.296,98.395,71.250,22.639,98.094,39.766,26.374,22.127,39.793,20.000,25.166,25.166,25.166,36.945,61.973,22.453,22.298,19.232,21.849,22.428,23.153,20.243,21.822,2.770,3.618,3.652,10.511,1.960,1.993,5.886,5.919,7.677,1.737,2.716,1.706,2.098,2.358,1.640,4.493,1.353,12.597,7.428,62.212,21.527,12.161,24.077,7.478,7.688,44.724,13.638,13.631,9.651,7.034,13.494,14.410,67.277,4.658,26.373,25.795,33.068,33.068,33.068,17.906,30.288,30.232,30.205,12.200,25.657,18.495,28.145,28.145,28.145,28.145,28.145,28.145,28.145,28.145,28.145,28.145,28.145,28.145,28.145,71.919,28.145,27.585,12.045,13.508,24.171,8.973,4.467,5.001,35.739,5.291,,62.204,5.572,10.593,30.113,30.003,22.376,24.484,20.885,27.433,23.737,22.985,17.947,8.707,13.101,13.101,11.924,19.201,19.201,8.772,7.874,8.635,17.922,9.959,28.145,28.145,28.145,28.145,28.145,28.145
NODE_2397_length_6075_cov_29.4 - cas_IIIA translation,11.587,62.989,62.989,51.722,63.457,62.387,51.637,62.621,62.086,62.224,62.224,9.986,62.813,62.145,10.073,10.104,6.097,10.073,9.986,10.160,10.132,26.328,10.777,10.777,10.777,10.777,10.777,9.762,10.101,10.129,10.129,10.129,10.129,10.129,10.129,10.129,10.129,10.129,10.457,62.395,62.395,66.512,62.312,62.993,62.671,62.993,63.065,36.899,5.283,62.395,4.015,4.153,0.034,4.009,2.720,2.527,2.493,2.493,4.158,26.004,4.032,4.509,0.619,1.040,4.034,5.378,5.178,4.640,0.220,2.876,2.836,6.450,0.087,0.087,6.244,6.290,4.376,0.454,1.469,0.560,0.546,0.909,0.561,2.647,1.981,15.071,10.514,26.520,0.705,4.663,8.301,10.622,8.951,39.478,20.372,8.301,11.894,9.947,16.704,5.461,86.271,7.082,11.260,3.125,15.582,15.582,15.582,11.747,4.687,4.690,4.690,0.471,4.379,3.746,10.214,10.214,10.214,10.214,10.214,10.214,10.214,10.214,10.214,10.214,10.214,10.214,10.214,62.383,10.214,9.244,10.901,12.694,3.415,6.264,2.650,4.677,18.445,5.115,62.204,,5.997,6.358,4.653,15.842,7.209,9.156,5.071,14.694,9.326,7.525,0.034,3.138,8.061,8.061,6.795,4.089,4.089,3.190,3.715,3.138,1.002,15.188,10.214,10.214,10.214,10.214,10.214,10.214
NODE_2272_length_6471_cov_24.3 - cas_IIIA translation,3.688,5.606,5.606,5.219,5.579,5.579,5.215,5.606,5.499,5.574,5.574,6.473,5.575,5.603,6.500,6.502,1.776,6.500,6.473,6.476,6.553,3.223,6.877,6.877,6.877,6.877,6.877,4.568,6.582,6.556,6.556,6.556,6.556,6.556,6.556,6.556,6.556,6.556,6.783,5.579,5.579,5.877,5.603,5.546,5.572,5.574,5.551,3.578,2.680,5.551,1.757,1.739,1.006,1.790,1.587,1.471,1.471,1.471,1.802,3.101,5.018,4.963,4.056,1.203,5.052,5.066,2.267,1.897,3.268,48.625,48.352,1.526,1.930,1.930,8.890,8.844,1.728,7.520,30.754,16.278,15.821,19.172,16.024,3.398,0.384,16.654,6.971,3.222,1.033,64.436,5.428,7.576,17.303,3.235,1.893,18.802,9.722,6.948,10.467,1.733,5.935,1.053,7.243,1.761,5.937,5.937,5.937,12.123,62.910,62.739,62.772,11.398,1.951,53.436,6.564,6.564,6.564,6.564,6.564,6.564,6.564,6.564,6.564,6.564,6.564,6.564,6.564,4.940,6.564,4.269,2.509,3.460,1.636,2.148,3.364,69.110,2.300,86.614,5.572,5.997,,1.456,62.571,5.921,3.910,3.688,2.221,3.775,4.662,4.128,1.674,1.061,1.933,1.933,5.322,4.480,4.480,1.053,1.259,1.036,4.321,9.321,6.564,6.564,6.564,6.564,6.564,6.564
NODE_1157_length_5129_cov_10.1 - cas_IIIA translation,4.280,10.670,10.734,11.336,10.670,10.638,11.254,10.638,10.743,10.660,10.660,5.360,10.628,10.628,5.391,5.481,4.949,5.391,5.360,5.363,5.481,7.727,4.529,4.529,4.529,4.529,4.529,4.949,5.421,5.450,5.450,5.450,5.450,5.450,5.450,5.450,5.450,5.450,5.722,10.582,10.582,10.444,10.692,10.628,10.565,10.568,10.582,8.931,5.039,10.613,7.488,5.231,5.984,7.564,3.956,5.448,5.355,5.355,6.979,7.634,4.640,4.688,5.050,5.809,4.642,4.884,4.375,4.009,0.823,1.069,1.194,97.313,0.863,0.863,0.786,0.786,0.317,0.640,0.693,0.376,0.643,0.620,0.322,1.355,0.853,2.597,2.532,7.689,5.938,2.630,4.433,2.282,1.727,2.643,2.198,2.526,1.475,2.557,2.837,1.848,6.412,0.101,4.989,4.985,5.341,5.341,5.341,3.359,5.901,5.965,5.965,3.415,5.378,4.593,5.917,5.917,5.917,5.917,5.917,5.917,5.917,5.917,5.917,5.917,5.917,5.917,5.917,7.319,5.917,6.440,1.259,2.781,5.581,0.371,1.357,1.822,3.374,1.818,10.593,6.358,1.456,,5.922,5.409,4.408,5.173,4.545,4.451,4.710,4.655,5.572,1.539,2.222,2.222,2.392,4.768,4.768,1.509,1.379,1.481,4.436,2.058,5.917,5.917,5.917,5.917,5.917,5.917
NODE_2153_length_10527_cov_385.2 - cas_IIIA translation,13.115,30.145,30.145,30.100,30.119,30.065,29.936,30.038,29.973,30.094,30.094,22.374,30.040,30.067,22.431,22.589,16.234,22.431,22.374,22.538,22.640,30.146,18.555,18.555,18.555,18.555,18.555,14.594,22.626,22.600,22.600,22.600,22.600,22.600,22.600,22.600,22.600,22.600,23.185,30.334,30.334,26.410,30.067,30.148,30.005,30.040,30.199,28.808,16.112,30.307,31.643,19.387,19.947,31.317,14.796,19.857,19.857,19.857,28.220,30.332,21.442,20.557,21.247,20.606,21.480,20.505,15.567,14.219,2.601,32.031,31.530,5.841,2.088,2.088,5.671,5.639,1.635,4.603,19.405,8.893,9.285,11.523,8.860,2.791,0.268,12.685,7.071,30.087,20.523,66.648,18.851,7.588,13.258,3.033,1.784,24.655,6.212,7.054,7.151,6.126,5.826,0.718,19.727,19.987,20.760,20.760,20.760,19.136,99.231,98.663,98.629,22.333,17.045,68.019,23.684,23.684,23.684,23.684,23.684,23.684,23.684,23.684,23.684,23.684,23.684,23.684,23.684,13.242,23.684,19.585,2.153,3.103,20.143,1.941,2.764,45.876,12.475,56.704,30.113,4.653,62.571,5.922,,17.825,17.078,15.747,16.279,12.843,16.798,17.633,18.386,4.565,5.237,5.237,9.906,17.702,17.702,4.541,3.482,4.473,19.900,8.825,23.684,23.684,23.684,23.684,23.684,23.684
NODE_659_length_11216_cov_111.5 - cas_IIIA translation,24.749,30.126,30.067,24.611,30.009,30.067,24.472,29.950,30.009,30.012,30.012,22.686,30.012,29.982,22.693,22.808,18.942,22.693,22.686,22.808,22.808,21.627,19.563,19.563,19.563,19.563,19.563,19.221,22.726,22.699,22.671,22.671,22.671,22.671,22.671,22.671,22.671,22.671,20.883,30.067,30.067,28.740,30.070,30.012,30.032,30.012,30.067,21.757,14.879,30.097,16.550,16.718,15.830,16.502,12.691,16.423,16.391,16.391,14.865,21.709,18.818,18.024,15.421,16.592,18.762,17.812,49.832,13.546,1.816,4.141,4.116,5.327,1.317,1.317,5.700,5.700,1.693,1.523,2.479,1.273,1.589,1.937,1.273,2.603,0.560,7.019,8.472,21.597,16.534,9.446,18.796,8.833,14.073,10.022,7.019,25.285,6.454,8.453,7.056,7.087,16.730,1.424,18.275,16.630,23.792,23.792,23.792,15.485,17.951,17.965,17.965,5.822,9.204,11.137,23.143,23.143,23.143,23.143,23.143,23.143,23.143,23.143,23.143,23.143,23.143,23.143,23.143,20.856,23.143,22.829,2.807,4.613,17.047,2.379,2.605,4.665,11.654,5.686,30.003,15.842,5.921,5.409,17.825,,29.793,39.356,51.083,34.317,69.036,62.927,13.341,5.229,8.473,8.473,8.218,12.335,12.335,5.357,4.262,5.275,12.506,6.504,16.998,16.998,16.998,16.998,16.998,16.998
NODE_515_length_9704_cov_233.4 - cas_IIIA translation,15.265,22.482,22.482,22.291,22.455,22.455,22.160,22.292,22.156,22.410,22.410,33.614,22.410,22.355,33.624,33.905,28.168,33.624,33.614,33.935,33.935,22.752,30.334,30.334,30.334,30.334,30.334,26.401,33.574,33.604,33.574,33.574,33.574,33.574,33.574,33.574,33.574,33.574,34.900,22.386,22.386,20.820,22.464,22.437,22.431,22.301,22.467,21.278,19.792,22.495,20.728,26.466,18.071,20.661,17.411,21.213,21.180,21.180,19.097,22.763,15.457,15.928,15.758,16.656,15.401,15.539,28.633,24.641,2.053,1.785,1.758,4.355,1.621,1.653,1.651,1.651,5.559,1.224,1.505,1.066,1.355,1.431,1.065,8.380,3.678,4.525,12.250,22.691,16.598,8.990,27.463,13.210,2.650,11.508,5.696,20.852,3.909,11.464,3.839,19.574,10.101,7.708,33.199,21.185,16.119,16.119,16.119,14.668,17.224,17.212,17.187,5.680,13.660,7.954,21.817,21.817,21.817,21.817,21.817,21.817,21.817,21.817,21.817,21.817,21.817,21.817,21.817,13.716,21.817,18.254,12.324,13.333,17.121,11.012,8.388,2.247,11.664,2.703,22.376,7.209,3.910,4.408,17.078,29.793,,59.905,30.272,50.559,28.927,29.024,13.669,11.597,12.225,12.225,16.124,12.014,12.014,10.672,10.984,11.597,12.180,8.791,16.089,16.089,16.089,16.089,16.089,16.089
NODE_1453_length_11351_cov_795.3 - cas_IIIA translation,16.459,24.621,24.621,24.437,24.593,24.593,24.302,24.428,24.318,24.545,24.545,33.535,24.545,24.463,33.505,33.858,28.734,33.505,33.535,33.889,33.858,22.715,30.264,30.264,30.264,30.264,30.264,29.024,33.818,33.848,33.818,33.818,33.818,33.818,33.818,33.818,33.818,33.818,34.498,24.469,24.469,22.994,24.601,24.545,24.594,24.435,24.579,21.771,19.989,24.634,20.754,26.457,18.066,20.687,17.438,21.239,21.206,21.206,19.124,22.726,15.513,15.998,15.816,16.651,15.457,15.726,28.686,24.668,2.053,1.813,1.786,5.121,1.589,1.621,1.650,1.650,5.590,1.223,1.505,1.065,1.354,1.430,1.065,8.748,3.988,4.436,12.058,22.654,16.592,7.751,27.391,13.337,2.741,11.459,6.299,13.930,3.847,11.267,4.170,19.651,12.079,7.738,32.781,21.211,16.931,16.931,16.931,13.846,15.842,15.829,15.829,5.636,13.728,8.150,22.019,22.019,22.019,22.019,22.019,22.019,22.019,22.019,22.019,22.019,22.019,22.019,22.019,15.577,22.019,20.726,12.413,13.492,17.147,11.042,8.757,2.268,11.620,3.447,24.484,9.156,3.688,5.173,15.747,39.356,59.905,,30.353,51.442,29.620,29.164,13.722,11.594,12.443,12.443,15.710,12.149,12.149,10.718,11.161,11.643,12.248,8.189,16.214,16.214,16.214,16.214,16.214,16.214
NODE_1289_length_5723_cov_87.5 - cas_IIIA translation,15.407,20.880,20.816,23.318,20.816,20.816,23.149,20.687,20.896,20.828,20.828,16.140,20.860,20.828,16.236,16.241,20.235,16.236,16.140,16.210,16.241,32.146,12.625,12.625,12.625,12.625,12.625,14.106,16.159,16.190,16.159,16.159,16.159,16.159,16.159,16.159,16.159,16.159,16.124,20.848,20.848,18.831,20.860,20.828,20.828,20.803,20.848,27.553,16.099,20.880,31.352,29.169,30.228,31.235,23.939,30.978,30.918,30.918,29.276,32.357,34.991,30.602,28.916,31.474,34.896,29.115,99.933,25.178,3.444,3.704,3.709,4.431,2.508,2.508,10.766,10.766,3.102,2.883,4.489,2.415,2.954,3.606,2.414,3.561,0.000,5.871,0.063,32.047,31.273,6.690,13.115,0.597,11.322,16.585,0.146,24.937,8.858,0.000,7.373,15.157,6.320,2.311,12.761,31.404,22.129,22.129,22.129,13.966,16.396,16.411,16.411,14.742,19.453,13.004,15.954,15.954,15.954,15.954,15.954,15.954,15.954,15.954,15.954,15.954,15.954,15.954,15.954,11.372,15.954,17.720,2.608,2.180,28.312,3.929,3.566,3.078,29.832,2.704,20.885,5.071,2.221,4.545,16.279,51.083,30.272,30.353,,20.999,56.255,80.041,23.073,7.375,5.459,5.459,5.461,14.069,14.069,7.618,5.279,7.445,19.382,1.795,11.451,11.451,11.451,11.451,11.451,11.451
NODE_876_length_9438_cov_153.8 - cas_IIIA translation,17.215,27.549,27.577,22.266,27.521,27.549,22.162,27.379,27.265,27.497,27.497,25.223,27.412,27.412,25.202,25.515,22.283,25.202,25.223,25.571,25.571,19.622,22.235,22.235,22.235,22.235,22.235,21.955,25.174,25.146,25.146,25.146,25.146,25.146,25.146,25.146,25.146,25.146,27.298,27.435,27.435,26.065,27.497,27.469,27.461,27.355,27.492,19.650,15.693,27.492,17.023,21.782,13.619,17.039,12.941,16.630,16.598,16.598,15.323,19.640,12.076,12.867,12.202,12.100,12.020,12.829,19.165,19.411,1.028,1.720,1.750,4.427,1.023,1.087,1.621,1.621,5.389,1.192,1.355,0.905,1.194,1.273,0.872,7.439,3.707,4.809,9.159,19.532,12.041,7.479,20.980,10.602,2.941,11.856,11.643,7.048,4.017,8.410,4.763,15.526,17.361,7.738,25.115,16.947,18.842,18.842,18.842,8.860,12.957,12.967,12.967,2.858,11.191,5.147,15.491,15.491,15.491,15.491,15.491,15.491,15.491,15.491,15.491,15.491,15.491,15.491,15.491,20.183,15.491,15.020,13.038,13.689,12.710,10.870,7.445,2.353,8.908,3.517,27.433,14.694,3.775,4.451,12.843,34.317,50.559,51.442,20.999,,21.457,20.804,10.195,10.539,13.772,13.772,13.560,9.953,9.953,9.659,9.898,10.563,9.344,7.549,11.559,11.559,11.559,11.559,11.559,11.559
NODE_121_length_9577_cov_209.9 - cas_IIIA translation,19.975,23.765,23.706,23.758,23.676,23.706,23.582,23.588,23.618,23.656,23.656,21.530,23.685,23.656,21.647,21.681,22.723,21.647,21.530,21.709,21.709,24.256,18.374,18.374,18.374,18.374,18.374,18.816,21.347,21.347,21.319,21.319,21.319,21.319,21.319,21.319,21.319,21.319,17.706,23.676,23.676,22.004,23.714,23.685,23.678,23.656,23.706,24.277,15.269,23.706,18.602,18.715,17.813,18.546,14.265,18.455,18.419,18.419,16.761,24.349,21.192,20.171,17.407,18.687,21.130,19.949,54.950,15.253,2.009,4.573,4.578,4.622,1.445,1.445,6.437,6.437,1.831,1.711,2.772,1.466,1.786,2.175,1.466,2.860,0.624,7.207,7.001,24.222,18.622,8.419,17.807,7.083,14.072,11.927,2.636,26.611,7.179,6.976,7.475,8.109,10.400,1.564,14.825,18.757,19.579,19.579,19.579,12.339,16.925,16.938,16.938,6.679,10.582,11.765,21.672,21.672,21.672,21.672,21.672,21.672,21.672,21.672,21.672,21.672,21.672,21.672,21.672,14.788,21.672,22.202,3.120,4.095,19.111,2.595,2.863,4.575,13.576,4.659,23.737,9.326,4.662,4.710,16.798,69.036,28.927,29.620,56.255,21.457,,69.134,14.857,5.714,5.846,5.846,6.139,12.322,12.322,5.887,4.541,5.764,13.662,3.548,15.838,15.838,15.838,15.838,15.838,15.838
NODE_524_length_6473_cov_50.9 - cas_IIIA translation,15.672,23.045,22.982,25.664,22.982,22.982,25.495,22.855,22.887,22.929,22.929,15.690,22.992,22.960,15.780,15.814,19.452,15.780,15.690,15.785,15.814,32.761,12.414,12.414,12.414,12.414,12.414,13.806,15.737,15.765,15.737,15.737,15.737,15.737,15.737,15.737,15.737,15.737,16.072,22.982,22.982,21.131,22.992,22.992,22.985,22.960,23.014,30.281,15.450,23.014,25.618,25.364,24.574,25.531,19.585,25.345,25.296,25.296,23.560,32.900,28.796,26.810,23.720,25.680,28.714,26.222,79.817,21.548,2.793,6.091,6.055,4.550,2.045,2.045,8.806,8.806,2.578,2.356,3.714,1.971,2.411,2.947,1.971,3.789,0.834,7.190,0.620,32.715,25.519,8.152,12.918,0.974,15.392,19.705,1.257,28.488,9.765,0.563,8.962,12.614,8.694,2.199,12.874,25.652,20.538,20.538,20.538,12.569,17.748,17.764,17.764,10.648,15.216,15.388,16.122,16.122,16.122,16.122,16.122,16.122,16.122,16.122,16.122,16.122,16.122,16.122,16.122,13.531,16.122,17.862,3.916,3.242,26.137,3.582,3.794,5.275,21.450,4.712,22.985,7.525,4.128,4.655,17.633,62.927,29.024,29.164,80.041,20.804,69.134,,19.402,7.062,5.608,5.608,5.611,13.328,13.328,7.274,5.482,7.125,16.993,2.595,11.740,11.740,11.740,11.740,11.740,11.740
NODE_1542_length_4738_cov_11.0 - cas_IIIA translation,11.241,17.971,18.004,20.246,18.004,18.037,20.149,17.938,18.009,17.986,17.986,19.716,17.887,17.887,19.722,20.026,25.368,19.722,19.716,19.927,19.927,28.037,15.638,15.638,15.638,15.638,15.638,17.638,19.907,19.874,19.874,19.874,19.874,19.874,19.874,19.907,19.907,19.907,20.331,17.938,17.938,15.178,17.887,17.820,17.920,17.992,18.004,23.094,20.317,17.905,43.841,39.550,56.216,43.654,38.368,48.788,48.869,48.869,41.991,28.140,50.253,43.435,63.166,46.074,50.285,41.161,28.581,34.133,5.995,3.330,3.389,5.433,4.586,4.674,3.482,3.482,2.913,4.221,4.213,4.241,5.289,5.008,4.160,3.737,0.064,1.721,0.037,28.089,47.797,7.072,15.913,0.035,1.611,1.074,0.134,8.205,2.496,0.038,2.153,18.014,1.354,0.067,16.449,45.719,30.716,30.716,30.716,15.922,18.516,18.534,18.501,26.190,29.801,13.707,19.078,19.078,19.078,19.078,19.078,19.078,19.078,19.078,19.078,19.078,19.078,19.078,19.078,7.156,19.078,21.431,1.404,1.200,36.829,2.321,3.743,2.754,14.668,2.274,17.947,0.034,1.674,5.572,18.386,13.341,13.669,13.722,23.073,10.195,14.857,19.402,,6.329,4.569,4.569,4.571,42.787,42.787,6.491,4.715,6.329,60.465,0.041,15.255,15.255,15.255,15.255,15.255,15.255
NODE_204_length_8255_cov_23.5 - cas_IIIA translation,4.008,8.740,8.716,9.449,8.716,8.667,9.396,8.619,8.668,8.709,8.709,12.844,8.691,8.716,12.848,13.072,15.583,12.848,12.844,13.072,13.023,11.767,12.245,12.245,12.245,12.245,12.245,13.304,13.128,13.177,13.153,13.153,13.153,13.153,13.153,13.128,13.128,13.128,12.580,8.696,8.696,8.372,8.691,8.716,8.691,8.669,8.696,10.610,9.056,8.720,11.923,19.738,9.379,11.875,12.045,13.475,13.320,13.320,11.750,11.728,7.460,6.865,7.114,7.130,7.427,6.679,7.258,22.533,1.794,1.641,1.643,1.542,1.655,1.695,1.948,1.911,6.474,1.330,1.697,1.060,1.373,1.503,1.060,7.343,2.914,1.511,2.664,11.701,7.015,2.341,11.056,4.542,1.225,18.738,2.572,2.699,2.037,2.107,1.797,27.517,5.149,9.689,12.951,13.141,5.540,5.540,5.540,3.871,4.594,4.574,4.551,3.762,11.089,3.756,4.698,4.698,4.698,4.698,4.698,4.698,4.698,4.698,4.698,4.698,4.698,4.698,4.698,6.198,4.698,5.113,9.787,8.219,7.031,13.031,7.351,1.410,13.498,1.396,8.707,3.138,1.061,1.539,4.565,5.229,11.597,11.594,7.375,10.539,5.714,7.062,6.329,,71.013,71.013,71.034,5.220,5.220,95.913,71.348,98.947,7.145,1.555,4.698,4.698,4.698,4.698,4.698,4.698
NODE_94_length_18775_cov_74.2 - cas_IIIA translation,6.635,13.180,13.135,9.263,13.090,13.090,9.217,13.068,13.102,13.126,13.126,14.989,13.068,13.135,14.993,15.440,14.258,14.993,14.989,15.464,15.394,9.254,14.676,14.676,14.676,14.676,14.676,14.172,15.564,15.611,15.588,15.588,15.588,15.588,15.588,15.564,15.564,15.564,13.790,13.141,13.141,13.146,13.135,13.135,13.132,13.068,13.096,8.854,9.261,13.163,8.602,14.202,6.759,8.569,8.649,9.711,9.599,9.599,8.336,9.192,5.515,5.620,5.180,5.187,5.491,5.622,5.341,15.268,1.281,1.405,1.406,2.227,1.187,1.215,1.423,1.396,4.612,0.955,1.245,0.760,0.985,1.084,0.760,6.498,3.745,2.220,5.649,9.178,5.133,3.126,13.151,6.827,1.979,10.403,8.227,3.448,1.790,5.121,1.908,16.266,9.892,6.906,14.286,9.475,11.578,11.578,11.578,6.990,5.242,5.224,5.203,2.263,7.429,3.144,6.289,6.289,6.289,6.289,6.289,6.289,6.289,6.289,6.289,6.289,6.289,6.289,6.289,10.643,6.289,5.706,8.329,8.698,5.358,9.307,6.504,1.608,8.324,1.718,13.101,8.061,1.933,2.222,5.237,8.473,12.225,12.443,5.459,13.772,5.846,5.608,4.569,71.013,,100.000,77.420,5.537,5.537,68.201,67.942,70.265,5.302,3.130,6.289,6.289,6.289,6.289,6.289,6.289
NODE_92_length_18826_cov_192.1 - cas_IIIA translation,6.635,13.180,13.135,9.263,13.090,13.090,9.217,13.068,13.102,13.126,13.126,14.989,13.068,13.135,14.993,15.440,14.258,14.993,14.989,15.464,15.394,9.254,14.676,14.676,14.676,14.676,14.676,14.172,15.564,15.611,15.588,15.588,15.588,15.588,15.588,15.564,15.564,15.564,13.790,13.141,13.141,13.146,13.135,13.135,13.132,13.068,13.096,8.854,9.261,13.163,8.602,14.202,6.759,8.569,8.649,9.711,9.599,9.599,8.336,9.192,5.515,5.620,5.180,5.187,5.491,5.622,5.341,15.268,1.281,1.405,1.406,2.227,1.187,1.215,1.423,1.396,4.612,0.955,1.245,0.760,0.985,1.084,0.760,6.498,3.745,2.220,5.649,9.178,5.133,3.126,13.151,6.827,1.979,10.403,8.227,3.448,1.790,5.121,1.908,16.266,9.892,6.906,14.286,9.475,11.578,11.578,11.578,6.990,5.242,5.224,5.203,2.263,7.429,3.144,6.289,6.289,6.289,6.289,6.289,6.289,6.289,6.289,6.289,6.289,6.289,6.289,6.289,10.643,6.289,5.706,8.329,8.698,5.358,9.307,6.504,1.608,8.324,1.718,13.101,8.061,1.933,2.222,5.237,8.473,12.225,12.443,5.459,13.772,5.846,5.608,4.569,71.013,100.000,,77.420,5.537,5.537,68.201,67.942,70.265,5.302,3.130,6.289,6.289,6.289,6.289,6.289,6.289
NODE_66_length_19771_cov_65.5 - cas_IIIA translation,5.860,11.958,11.935,11.224,11.912,11.867,11.178,11.844,11.855,11.904,11.904,28.443,11.890,11.935,28.305,28.942,14.677,28.305,28.443,28.918,28.797,9.256,28.267,28.267,28.267,28.267,28.267,20.078,28.956,29.029,29.005,29.005,29.005,29.005,29.005,28.981,28.981,28.981,23.115,11.940,11.940,11.856,11.890,11.935,11.932,11.890,11.918,8.782,10.509,11.918,8.576,14.178,6.761,8.544,8.624,9.685,9.574,9.574,8.309,9.194,5.517,5.622,5.182,5.189,5.492,5.729,5.342,15.241,1.282,1.381,1.382,2.422,1.216,1.244,1.423,1.396,4.585,0.955,1.246,0.761,0.985,1.084,0.761,7.029,4.194,2.723,19.170,9.180,5.134,7.371,24.458,16.771,2.627,10.408,3.864,6.193,1.791,18.625,2.009,16.232,8.653,6.880,24.858,9.477,6.848,6.848,6.848,29.512,9.961,9.967,9.924,2.264,7.399,3.624,18.204,18.204,18.204,18.204,18.204,18.204,18.204,18.204,18.204,18.204,18.204,18.204,18.204,9.466,18.182,10.900,8.438,9.640,5.359,9.281,7.035,2.126,8.327,3.506,11.924,6.795,5.322,2.392,9.906,8.218,16.124,15.710,5.461,13.560,6.139,5.611,4.571,71.034,77.420,77.420,,5.672,5.672,68.192,65.555,70.285,5.304,13.444,18.204,18.204,18.204,18.204,18.204,18.204
NODE_210_length_11000_cov_17.5 - cas_IIIA translation,11.974,19.250,19.222,19.881,19.362,19.222,19.833,19.194,19.154,19.150,19.150,19.077,19.234,19.122,19.055,19.276,21.127,19.055,19.077,19.222,19.195,19.973,15.692,15.692,15.692,15.692,15.692,16.609,19.195,19.168,19.168,19.168,19.168,19.168,19.168,19.195,19.195,19.195,19.010,19.222,19.222,16.898,19.094,19.122,19.173,19.290,19.250,18.997,17.735,19.110,21.317,23.115,23.758,21.217,18.859,23.764,23.802,23.802,19.295,20.080,35.266,36.739,35.014,22.167,35.242,36.879,17.767,18.648,2.609,5.384,5.358,4.679,2.093,2.131,5.178,5.105,2.131,4.333,5.442,4.806,5.304,5.446,4.804,3.712,1.516,4.918,2.367,20.007,22.180,8.614,15.915,2.221,4.232,3.502,2.413,9.298,5.147,2.392,5.134,9.078,5.328,1.216,15.837,24.143,35.310,35.310,35.310,19.985,17.803,17.791,17.765,11.263,12.571,12.532,16.736,16.736,16.736,16.736,16.736,16.736,16.736,16.736,16.736,16.736,16.736,16.736,16.736,9.931,16.736,17.647,2.919,3.280,20.836,2.579,3.716,5.300,7.770,4.845,19.201,4.089,4.480,4.768,17.702,12.335,12.014,12.149,14.069,9.953,12.322,13.328,42.787,5.220,5.537,5.537,5.672,,100.000,4.780,4.996,5.220,70.743,1.620,21.164,21.164,21.164,21.164,21.164,21.164
NODE_120_length_10946_cov_40.3 - cas_IIIA translation,11.974,19.250,19.222,19.881,19.362,19.222,19.833,19.194,19.154,19.150,19.150,19.077,19.234,19.122,19.055,19.276,21.127,19.055,19.077,19.222,19.195,19.973,15.692,15.692,15.692,15.692,15.692,16.609,19.195,19.168,19.168,19.168,19.168,19.168,19.168,19.195,19.195,19.195,19.010,19.222,19.222,16.898,19.094,19.122,19.173,19.290,19.250,18.997,17.735,19.110,21.317,23.115,23.758,21.217,18.859,23.764,23.802,23.802,19.295,20.080,35.266,36.739,35.014,22.167,35.242,36.879,17.767,18.648,2.609,5.384,5.358,4.679,2.093,2.131,5.178,5.105,2.131,4.333,5.442,4.806,5.304,5.446,4.804,3.712,1.516,4.918,2.367,20.007,22.180,8.614,15.915,2.221,4.232,3.502,2.413,9.298,5.147,2.392,5.134,9.078,5.328,1.216,15.837,24.143,35.310,35.310,35.310,19.985,17.803,17.791,17.765,11.263,12.571,12.532,16.736,16.736,16.736,16.736,16.736,16.736,16.736,16.736,16.736,16.736,16.736,16.736,16.736,9.931,16.736,17.647,2.919,3.280,20.836,2.579,3.716,5.300,7.770,4.845,19.201,4.089,4.480,4.768,17.702,12.335,12.014,12.149,14.069,9.953,12.322,13.328,42.787,5.220,5.537,5.537,5.672,100.000,,4.780,4.996,5.220,70.743,1.620,21.164,21.164,21.164,21.164,21.164,21.164
NODE_274_length_10676_cov_94.2 - cas_IIIA translation,4.021,8.805,8.781,9.533,8.781,8.732,9.479,8.683,8.733,8.775,8.775,11.937,8.756,8.781,11.940,12.189,14.503,11.940,11.937,12.164,12.140,11.922,11.379,11.379,11.379,11.379,11.379,12.415,12.244,12.294,12.269,12.269,12.269,12.269,12.269,12.244,12.244,12.244,11.721,8.761,8.761,8.464,8.756,8.781,8.756,8.734,8.761,10.730,8.820,8.785,12.071,18.364,9.580,12.022,12.440,13.861,13.703,13.703,11.945,11.883,7.390,6.794,7.290,7.230,7.357,6.576,7.504,20.883,1.841,1.643,1.645,1.513,1.607,1.647,1.995,1.958,6.606,1.365,1.701,1.088,1.408,1.542,1.088,6.027,1.616,1.536,1.726,11.855,7.151,2.309,10.313,3.655,1.220,19.980,1.630,2.741,2.082,1.142,1.861,25.190,5.233,8.078,12.003,13.518,5.468,5.468,5.468,3.927,4.547,4.526,4.503,3.793,11.404,3.734,4.699,4.699,4.699,4.699,4.699,4.699,4.699,4.699,4.699,4.699,4.699,4.699,4.699,6.246,4.699,5.121,8.604,7.206,7.123,11.432,6.033,1.407,13.935,1.367,8.772,3.190,1.053,1.509,4.541,5.357,10.672,10.718,7.618,9.659,5.887,7.274,6.491,95.913,68.201,68.201,68.192,4.780,4.780,,68.499,96.924,6.542,1.583,4.699,4.699,4.699,4.699,4.699,4.699
NODE_189_length_7526_cov_20.8 - cas_IIIA translation,3.255,7.930,7.881,8.571,7.881,7.857,8.545,7.857,7.840,7.876,7.876,13.371,7.857,7.906,13.374,13.813,16.590,13.374,13.371,13.813,13.762,10.223,14.599,14.599,14.599,14.599,14.599,16.062,13.923,13.974,13.949,13.949,13.949,13.949,13.949,13.923,13.923,13.923,12.437,7.885,7.885,8.208,7.881,7.906,7.879,7.857,7.861,9.630,8.961,7.909,9.491,17.150,7.353,9.447,11.997,11.144,10.997,10.997,9.850,10.146,5.591,5.756,5.156,5.166,5.559,5.755,5.358,19.300,1.855,1.922,1.924,1.382,1.752,1.792,2.011,1.973,6.576,1.377,1.751,1.097,1.420,1.555,1.097,9.247,5.368,1.906,4.459,10.159,5.094,1.356,11.501,6.225,1.509,15.620,3.216,3.047,2.482,3.843,2.197,22.191,5.677,10.063,13.198,10.903,4.893,4.893,4.893,4.596,3.486,3.466,3.443,3.058,9.468,3.611,3.989,3.989,3.989,3.989,3.989,3.989,3.989,3.989,3.989,3.989,3.989,3.989,3.989,5.439,3.989,4.371,11.345,9.580,5.387,13.353,9.258,1.655,11.100,1.592,7.874,3.715,1.259,1.379,3.482,4.262,10.984,11.161,5.279,9.898,4.541,5.482,4.715,71.348,67.942,67.942,65.555,4.996,4.996,68.499,,70.638,5.648,1.721,3.989,3.989,3.989,3.989,3.989,3.989
NODE_212_length_8084_cov_38.2 - cas_IIIA translation,3.967,8.667,8.643,9.370,8.643,8.595,9.318,8.547,8.596,8.637,8.637,12.894,8.619,8.643,12.897,13.122,15.641,12.897,12.894,13.122,13.072,11.668,12.320,12.320,12.320,12.320,12.320,13.386,13.177,13.227,13.202,13.202,13.202,13.202,13.202,13.177,13.177,13.177,12.629,8.623,8.623,8.320,8.619,8.643,8.619,8.597,8.623,10.520,9.056,8.647,11.769,19.815,9.340,11.722,12.124,13.514,13.359,13.359,11.628,11.629,7.460,6.865,7.114,7.055,7.427,6.679,7.329,22.676,1.794,1.609,1.610,1.484,1.655,1.695,1.948,1.911,6.433,1.330,1.661,1.060,1.373,1.503,1.060,7.378,2.914,1.511,2.690,11.603,6.940,2.299,11.097,4.593,1.201,18.738,2.572,2.699,2.037,2.107,1.797,27.724,5.149,9.730,13.035,13.141,5.540,5.540,5.540,3.871,4.501,4.481,4.458,3.630,11.040,3.641,4.652,4.652,4.652,4.652,4.652,4.652,4.652,4.652,4.652,4.652,4.652,4.652,4.652,6.152,4.652,5.063,9.818,8.245,6.961,13.071,7.386,1.381,13.313,1.370,8.635,3.138,1.036,1.481,4.473,5.275,11.597,11.643,7.445,10.563,5.764,7.125,6.329,98.947,70.265,70.265,70.285,5.220,5.220,96.924,70.638,,7.145,1.582,4.652,4.652,4.652,4.652,4.652,4.652
NODE_887_length_7738_cov_10.0 - cas_IIIA translation,12.250,17.976,18.007,20.055,18.007,18.007,19.931,17.914,17.950,17.928,17.928,19.297,17.835,17.866,19.303,19.582,24.340,19.303,19.297,19.521,19.491,26.936,15.557,15.557,15.557,15.557,15.557,17.363,19.472,19.442,19.442,19.442,19.442,19.442,19.442,19.472,19.472,19.472,19.951,17.945,17.945,15.306,17.835,17.804,17.866,17.934,17.945,22.540,19.582,17.852,34.651,35.937,38.892,34.464,30.641,38.594,38.656,38.656,32.416,27.072,56.387,49.146,57.479,35.885,56.361,46.703,28.159,30.715,4.255,7.112,7.126,4.323,3.385,3.446,8.222,8.105,3.519,7.102,8.613,7.888,8.698,8.918,7.883,3.991,0.779,4.301,0.534,26.983,35.988,8.988,15.828,0.679,4.085,4.049,0.584,10.353,6.421,0.540,5.409,17.193,2.413,1.952,16.386,38.919,35.342,35.342,35.342,22.163,20.056,20.044,20.012,23.991,22.463,16.701,17.637,17.637,17.637,17.637,17.637,17.637,17.637,17.637,17.637,17.637,17.637,17.637,17.637,7.777,17.637,19.603,2.665,2.228,31.036,4.050,3.996,5.850,15.132,5.087,17.922,1.002,4.321,4.436,19.900,12.506,12.180,12.248,19.382,9.344,13.662,16.993,60.465,7.145,5.302,5.302,5.304,70.743,70.743,6.542,5.648,7.145,,0.766,22.270,22.270,22.270,22.270,22.270,22.270
NODE_1465_length_4920_cov_11.6 - cas_IIIA translation,5.042,10.035,10.067,9.264,10.035,10.035,9.222,10.035,10.010,10.025,10.025,14.859,10.029,10.029,14.893,14.987,2.024,14.893,14.859,14.957,14.987,6.491,16.000,16.000,16.000,16.000,16.000,8.098,15.085,15.055,15.055,15.055,15.055,15.055,15.055,15.055,15.055,15.055,18.054,10.010,10.010,10.725,10.124,10.025,10.022,9.994,10.010,5.899,3.559,10.105,0.983,1.987,0.040,0.981,1.362,1.249,1.249,1.249,0.993,6.427,1.155,1.451,0.115,0.641,1.155,1.435,1.839,2.283,0.056,1.946,1.851,2.263,0.165,0.165,2.117,2.061,1.622,0.171,1.394,0.237,0.229,0.973,0.237,1.078,1.268,7.610,21.212,6.374,0.522,9.058,12.177,22.853,4.558,10.151,4.319,7.466,7.697,21.057,6.942,2.771,13.319,2.977,19.594,1.437,3.096,3.096,3.096,22.729,8.989,8.998,8.998,0.159,1.134,2.456,14.673,14.673,14.673,14.673,14.673,14.673,14.673,14.673,14.673,14.673,14.673,14.673,14.673,10.108,14.643,7.231,4.426,6.147,1.898,2.559,1.079,3.122,4.245,5.433,9.959,15.188,9.321,2.058,8.825,6.504,8.791,8.189,1.795,7.549,3.548,2.595,0.041,1.555,3.130,3.130,13.444,1.620,1.620,1.583,1.721,1.582,0.766,,14.673,14.673,14.673,14.673,14.673,14.673
NODE_114_length_30682_cov_79.9 - cas_IIIA translation,19.139,28.205,28.177,27.722,28.063,28.148,27.581,28.006,27.928,28.181,28.181,50.906,27.896,27.982,50.763,51.051,32.508,50.763,50.906,50.936,50.993,21.649,45.831,45.831,45.831,45.831,45.831,36.395,54.540,54.425,54.454,54.454,54.454,54.454,54.454,54.511,54.511,54.511,35.571,28.034,28.034,25.879,28.067,28.039,27.982,27.990,28.120,22.963,21.685,28.063,20.351,22.117,23.255,20.268,17.810,23.429,23.429,23.429,18.130,21.616,18.401,17.528,18.556,40.484,18.467,17.821,15.309,17.880,1.942,1.763,1.850,5.832,1.828,1.860,1.535,1.504,1.307,0.954,1.571,0.860,1.241,1.365,0.860,3.214,1.969,4.728,31.428,21.649,38.904,12.673,41.704,25.911,3.769,4.831,3.238,12.229,2.228,31.469,3.892,6.499,11.420,0.468,31.901,22.250,19.135,19.135,19.135,28.114,23.844,23.889,23.837,6.463,11.262,10.307,100.000,100.000,100.000,100.000,100.000,100.000,100.000,100.000,100.000,100.000,100.000,100.000,100.000,16.608,99.966,88.803,2.924,6.791,51.177,1.563,3.217,3.098,8.304,4.525,28.145,10.214,6.564,5.917,23.684,16.998,16.089,16.214,11.451,11.559,15.838,11.740,15.255,4.698,6.289,6.289,18.204,21.164,21.164,4.699,3.989,4.652,22.270,14.673,,100.000,100.000,100.000,100.000,100.000
NODE_79_length_30892_cov_300.7 - cas_IIIA translation,19.139,28.205,28.177,27.722,28.063,28.148,27.581,28.006,27.928,28.181,28.181,50.906,27.896,27.982,50.763,51.051,32.508,50.763,50.906,50.936,50.993,21.649,45.831,45.831,45.831,45.831,45.831,36.395,54.540,54.425,54.454,54.454,54.454,54.454,54.454,54.511,54.511,54.511,35.571,28.034,28.034,25.879,28.067,28.039,27.982,27.990,28.120,22.963,21.685,28.063,20.351,22.117,23.255,20.268,17.810,23.429,23.429,23.429,18.130,21.616,18.401,17.528,18.556,40.484,18.467,17.821,15.309,17.880,1.942,1.763,1.850,5.832,1.828,1.860,1.535,1.504,1.307,0.954,1.571,0.860,1.241,1.365,0.860,3.214,1.969,4.728,31.428,21.649,38.904,12.673,41.704,25.911,3.769,4.831,3.238,12.229,2.228,31.469,3.892,6.499,11.420,0.468,31.901,22.250,19.135,19.135,19.135,28.114,23.844,23.889,23.837,6.463,11.262,10.307,100.000,100.000,100.000,100.000,100.000,100.000,100.000,100.000,100.000,100.000,100.000,100.000,100.000,16.608,99.966,88.803,2.924,6.791,51.177,1.563,3.217,3.098,8.304,4.525,28.145,10.214,6.564,5.917,23.684,16.998,16.089,16.214,11.451,11.559,15.838,11.740,15.255,4.698,6.289,6.289,18.204,21.164,21.164,4.699,3.989,4.652,22.270,14.673,100.000,,100.000,100.000,100.000,100.000
NODE_71_length_17554_cov_56.9 - cas_IIIA translation,19.139,28.205,28.177,27.722,28.063,28.148,27.581,28.006,27.928,28.181,28.181,50.906,27.896,27.982,50.763,51.051,32.508,50.763,50.906,50.936,50.993,21.649,45.831,45.831,45.831,45.831,45.831,36.395,54.540,54.425,54.454,54.454,54.454,54.454,54.454,54.511,54.511,54.511,35.571,28.034,28.034,25.879,28.067,28.039,27.982,27.990,28.120,22.963,21.685,28.063,20.351,22.117,23.255,20.268,17.810,23.429,23.429,23.429,18.130,21.616,18.401,17.528,18.556,40.484,18.467,17.821,15.309,17.880,1.942,1.763,1.850,5.832,1.828,1.860,1.535,1.504,1.307,0.954,1.571,0.860,1.241,1.365,0.860,3.214,1.969,4.728,31.428,21.649,38.904,12.673,41.704,25.911,3.769,4.831,3.238,12.229,2.228,31.469,3.892,6.499,11.420,0.468,31.901,22.250,19.135,19.135,19.135,28.114,23.844,23.889,23.837,6.463,11.262,10.307,100.000,100.000,100.000,100.000,100.000,100.000,100.000,100.000,100.000,100.000,100.000,100.000,100.000,16.608,99.966,88.803,2.924,6.791,51.177,1.563,3.217,3.098,8.304,4.525,28.145,10.214,6.564,5.917,23.684,16.998,16.089,16.214,11.451,11.559,15.838,11.740,15.255,4.698,6.289,6.289,18.204,21.164,21.164,4.699,3.989,4.652,22.270,14.673,100.000,100.000,,100.000,100.000,100.000
NODE_30_length_30469_cov_140.8 - cas_IIIA translation,19.139,28.205,28.177,27.722,28.063,28.148,27.581,28.006,27.928,28.181,28.181,50.906,27.896,27.982,50.763,51.051,32.508,50.763,50.906,50.936,50.993,21.649,45.831,45.831,45.831,45.831,45.831,36.395,54.540,54.425,54.454,54.454,54.454,54.454,54.454,54.511,54.511,54.511,35.571,28.034,28.034,25.879,28.067,28.039,27.982,27.990,28.120,22.963,21.685,28.063,20.351,22.117,23.255,20.268,17.810,23.429,23.429,23.429,18.130,21.616,18.401,17.528,18.556,40.484,18.467,17.821,15.309,17.880,1.942,1.763,1.850,5.832,1.828,1.860,1.535,1.504,1.307,0.954,1.571,0.860,1.241,1.365,0.860,3.214,1.969,4.728,31.428,21.649,38.904,12.673,41.704,25.911,3.769,4.831,3.238,12.229,2.228,31.469,3.892,6.499,11.420,0.468,31.901,22.250,19.135,19.135,19.135,28.114,23.844,23.889,23.837,6.463,11.262,10.307,100.000,100.000,100.000,100.000,100.000,100.000,100.000,100.000,100.000,100.000,100.000,100.000,100.000,16.608,99.966,88.803,2.924,6.791,51.177,1.563,3.217,3.098,8.304,4.525,28.145,10.214,6.564,5.917,23.684,16.998,16.089,16.214,11.451,11.559,15.838,11.740,15.255,4.698,6.289,6.289,18.204,21.164,21.164,4.699,3.989,4.652,22.270,14.673,100.000,100.000,100.000,,100.000,100.000
NODE_10_length_46737_cov_36.8 - cas_IIIA translation,19.139,28.205,28.177,27.722,28.063,28.148,27.581,28.006,27.928,28.181,28.181,50.906,27.896,27.982,50.763,51.051,32.508,50.763,50.906,50.936,50.993,21.649,45.831,45.831,45.831,45.831,45.831,36.395,54.540,54.425,54.454,54.454,54.454,54.454,54.454,54.511,54.511,54.511,35.571,28.034,28.034,25.879,28.067,28.039,27.982,27.990,28.120,22.963,21.685,28.063,20.351,22.117,23.255,20.268,17.810,23.429,23.429,23.429,18.130,21.616,18.401,17.528,18.556,40.484,18.467,17.821,15.309,17.880,1.942,1.763,1.850,5.832,1.828,1.860,1.535,1.504,1.307,0.954,1.571,0.860,1.241,1.365,0.860,3.214,1.969,4.728,31.428,21.649,38.904,12.673,41.704,25.911,3.769,4.831,3.238,12.229,2.228,31.469,3.892,6.499,11.420,0.468,31.901,22.250,19.135,19.135,19.135,28.114,23.844,23.889,23.837,6.463,11.262,10.307,100.000,100.000,100.000,100.000,100.000,100.000,100.000,100.000,100.000,100.000,100.000,100.000,100.000,16.608,99.966,88.803,2.924,6.791,51.177,1.563,3.217,3.098,8.304,4.525,28.145,10.214,6.564,5.917,23.684,16.998,16.089,16.214,11.451,11.559,15.838,11.740,15.255,4.698,6.289,6.289,18.204,21.164,21.164,4.699,3.989,4.652,22.270,14.673,100.000,100.000,100.000,100.000,,100.000
NODE_25_length_54800_cov_248.5 - cas_IIIA translation,19.139,28.205,28.177,27.722,28.063,28.148,27.581,28.006,27.928,28.181,28.181,50.906,27.896,27.982,50.763,51.051,32.508,50.763,50.906,50.936,50.993,21.649,45.831,45.831,45.831,45.831,45.831,36.395,54.540,54.425,54.454,54.454,54.454,54.454,54.454,54.511,54.511,54.511,35.571,28.034,28.034,25.879,28.067,28.039,27.982,27.990,28.120,22.963,21.685,28.063,20.351,22.117,23.255,20.268,17.810,23.429,23.429,23.429,18.130,21.616,18.401,17.528,18.556,40.484,18.467,17.821,15.309,17.880,1.942,1.763,1.850,5.832,1.828,1.860,1.535,1.504,1.307,0.954,1.571,0.860,1.241,1.365,0.860,3.214,1.969,4.728,31.428,21.649,38.904,12.673,41.704,25.911,3.769,4.831,3.238,12.229,2.228,31.469,3.892,6.499,11.420,0.468,31.901,22.250,19.135,19.135,19.135,28.114,23.844,23.889,23.837,6.463,11.262,10.307,100.000,100.000,100.000,100.000,100.000,100.000,100.000,100.000,100.000,100.000,100.000,100.000,100.000,16.608,99.966,88.803,2.924,6.791,51.177,1.563,3.217,3.098,8.304,4.525,28.145,10.214,6.564,5.917,23.684,16.998,16.089,16.214,11.451,11.559,15.838,11.740,15.255,4.698,6.289,6.289,18.204,21.164,21.164,4.699,3.989,4.652,22.270,14.673,100.000,100.000,100.000,100.000,100.000,
